/home/fusy/Documents/bin2pcd/v1.0-mini/samples/LIDAR_TOP/n015-2018-07-24-11-22-45+0800__LIDAR_TOP__1532402927647951.pcd.bin
/home/fusy/Documents/bin2pcd/v1.0-mini/lidarseg/v1.0-mini/9d9bf11fb0e144c8b446d54a8a00184f_lidarseg.bin
-0.3454617339655931 0.9378788451787364 0.032240690620523635 -1179.1160105270794 -0.9383857259085568 -0.34489621317341634 -0.021882219944748676 412.51020169494194 -0.00940317906661371 -0.03781367351686259 0.9992405647883816 3.0287949771232547 0.0 0.0 0.0 1.0
/home/fusy/Documents/bin2pcd/v1.0-mini/samples/CAM_FRONT/n015-2018-07-24-11-22-45+0800__CAM_FRONT__1532402927612460.jpg
1266.417203046554 0.0 816.2670197447984 0.0 1266.417203046554 491.50706579294757 0.0 0.0 1.0
0.0020332717916884792 0.9997040585673612 0.02424172208749338 0.943713 -0.9999805297789749 0.002175657153334013 -0.005848639064917931 0.0 -0.0058996498863628614 -0.024229358222975846 0.9996890178106995 1.84023 0.0 0.0 0.0 1.0
-0.3455529262807374 0.9382579894742809 0.016282515975798058 411.3039349319818 -0.9383381109871731 -0.3452803054762253 -0.01740977079891561 1180.8903791765097 -0.010712824456953516 -0.021294502528291005 0.999715849406335 0.0 0.0 0.0 0.0 1.0
-0.34560828231313545 0.9382294515026928 0.016745492812085146 411.4199861830012 -0.9383286013339243 -0.3453500147789197 -0.016516755459845916 1181.197175631848 -0.009713450225561448 -0.021421102332874597 0.9997233543633754 0.0 0.0 0.0 0.0 1.0
0.00568477868271558 -0.005636667733598166 0.999967955120658 1.70079118954 -0.9999835174398977 -0.0008371152724919173 0.005680148462035628 0.0159456324149 0.0008050713376760443 -0.9999837634756286 -0.005641333641939472 1.51095763913 0.0 0.0 0.0 1.0
/home/fusy/Documents/bin2pcd/v1.0-mini/samples/CAM_FRONT_LEFT/n015-2018-07-24-11-22-45+0800__CAM_FRONT_LEFT__1532402927604844.jpg
1272.5979470598488 0.0 826.6154927353808 0.0 1272.5979470598488 479.75165386361925 0.0 0.0 1.0
0.0020332717916884792 0.9997040585673612 0.02424172208749338 0.943713 -0.9999805297789749 0.002175657153334013 -0.005848639064917931 0.0 -0.0058996498863628614 -0.024229358222975846 0.9996890178106995 1.84023 0.0 0.0 0.0 1.0
-0.3455529262807374 0.9382579894742809 0.016282515975798058 411.3039349319818 -0.9383381109871731 -0.3452803054762253 -0.01740977079891561 1180.8903791765097 -0.010712824456953516 -0.021294502528291005 0.999715849406335 0.0 0.0 0.0 0.0 1.0
-0.34560068957977075 0.9382316025189897 0.0167816386755018 411.4449780367985 -0.9383334713320822 -0.3453464096120683 -0.016314225263176777 1181.2631893914647 -0.009511043048534566 -0.021384980773937943 0.9997260738109348 0.0 0.0 0.0 0.0 1.0
0.8207583481515547 -0.00034143667149910684 0.571275430384093 1.52387798135 -0.5712716007618153 0.003219501851485951 0.8207547703003993 0.494631336551 -0.002119458082718406 -0.9999947591006803 0.0024473799476104063 1.50932822144 0.0 0.0 0.0 1.0
/home/fusy/Documents/bin2pcd/v1.0-mini/samples/CAM_FRONT_RIGHT/n015-2018-07-24-11-22-45+0800__CAM_FRONT_RIGHT__1532402927620339.jpg
1260.8474446004698 0.0 807.968244525554 0.0 1260.8474446004698 495.3344268742088 0.0 0.0 1.0
0.0020332717916884792 0.9997040585673612 0.02424172208749338 0.943713 -0.9999805297789749 0.002175657153334013 -0.005848639064917931 0.0 -0.0058996498863628614 -0.024229358222975846 0.9996890178106995 1.84023 0.0 0.0 0.0 1.0
-0.3455529262807374 0.9382579894742809 0.016282515975798058 411.3039349319818 -0.9383381109871731 -0.3452803054762253 -0.01740977079891561 1180.8903791765097 -0.010712824456953516 -0.021294502528291005 0.999715849406335 0.0 0.0 0.0 0.0 1.0
-0.34562878021232013 0.9382225713446604 0.016707869653436968 411.3940085709597 -0.9383188601983095 -0.3453663861388791 -0.016726503565149566 1181.1288333610287 -0.009922846622213287 -0.021458470233994578 0.9997204965239672 0.0 0.0 0.0 0.0 1.0
-0.8329295630238644 -9.946037679009478e-06 0.5533790228604183 1.5508477543 -0.5533049273172018 0.016378815789537482 -0.8328177422460685 -0.493404796419 -0.009055409840580897 -0.9998658581501867 -0.0136479030700829 1.49574800619 0.0 0.0 0.0 1.0
/home/fusy/Documents/bin2pcd/v1.0-mini/samples/CAM_BACK/n015-2018-07-24-11-22-45+0800__CAM_BACK__1532402927637525.jpg
809.2209905677063 0.0 829.2196003259838 0.0 809.2209905677063 481.77842384512485 0.0 0.0 1.0
0.0020332717916884792 0.9997040585673612 0.02424172208749338 0.943713 -0.9999805297789749 0.002175657153334013 -0.005848639064917931 0.0 -0.0058996498863628614 -0.024229358222975846 0.9996890178106995 1.84023 0.0 0.0 0.0 1.0
-0.3455529262807374 0.9382579894742809 0.016282515975798058 411.3039349319818 -0.9383381109871731 -0.3452803054762253 -0.01740977079891561 1180.8903791765097 -0.010712824456953516 -0.021294502528291005 0.999715849406335 0.0 0.0 0.0 0.0 1.0
-0.3455931866686392 0.9382395482037397 0.0164893758116229 411.33787291696916 -0.9383264958679588 -0.3453232239446448 -0.017183077624044734 1180.980332035968 -0.01042767857062906 -0.02141077277723821 0.99971638094447 0.0 0.0 0.0 0.0 1.0
0.002421709860318866 -0.016753608478469628 -0.9998567156969556 0.0283260309358 0.9999890666843358 -0.003959107249965926 0.002488369260045864 0.00345136761476 -0.0040002291363755715 -0.999851810056237 0.016743837496914354 1.57910346144 0.0 0.0 0.0 1.0
/home/fusy/Documents/bin2pcd/v1.0-mini/samples/CAM_BACK_LEFT/n015-2018-07-24-11-22-45+0800__CAM_BACK_LEFT__1532402927647423.jpg
1256.7414812095406 0.0 792.1125740759628 0.0 1256.7414812095406 492.7757465151356 0.0 0.0 1.0
0.0020332717916884792 0.9997040585673612 0.02424172208749338 0.943713 -0.9999805297789749 0.002175657153334013 -0.005848639064917931 0.0 -0.0058996498863628614 -0.024229358222975846 0.9996890178106995 1.84023 0.0 0.0 0.0 1.0
-0.3455529262807374 0.9382579894742809 0.016282515975798058 411.3039349319818 -0.9383381109871731 -0.3452803054762253 -0.01740977079891561 1180.8903791765097 -0.010712824456953516 -0.021294502528291005 0.999715849406335 0.0 0.0 0.0 0.0 1.0
-0.34554466764436803 0.9382608429879551 0.01629334766326074 411.3057690287572 -0.9383413157281368 -0.3452721746357562 -0.017398293591204837 1180.8950018232533 -0.01069849803164533 -0.021300608860512056 0.9997158727368688 0.0 0.0 0.0 0.0 1.0
0.9477603556843314 0.008665721547931132 -0.31886550999310576 1.03569100218 0.31896113144149074 -0.013976299835876504 0.9476647401230363 0.484795032713 0.0037556387837154315 -0.9998647750135773 -0.016010211253286222 1.59097014818 0.0 0.0 0.0 1.0
/home/fusy/Documents/bin2pcd/v1.0-mini/samples/CAM_BACK_RIGHT/n015-2018-07-24-11-22-45+0800__CAM_BACK_RIGHT__1532402927627893.jpg
1259.5137405846733 0.0 807.2529053838625 0.0 1259.5137405846733 501.19579884916527 0.0 0.0 1.0
0.0020332717916884792 0.9997040585673612 0.02424172208749338 0.943713 -0.9999805297789749 0.002175657153334013 -0.005848639064917931 0.0 -0.0058996498863628614 -0.024229358222975846 0.9996890178106995 1.84023 0.0 0.0 0.0 1.0
-0.3455529262807374 0.9382579894742809 0.016282515975798058 411.3039349319818 -0.9383381109871731 -0.3452803054762253 -0.01740977079891561 1180.8903791765097 -0.010712824456953516 -0.021294502528291005 0.999715849406335 0.0 0.0 0.0 0.0 1.0
-0.34563041616233375 0.9382229398060398 0.01665324728584771 411.36921032161575 -0.9383158653275538 -0.34536388297789034 -0.01694476937102677 1181.0634380795361 -0.010146541186788694 -0.021482633827016685 0.9997177322353539 0.0 0.0 0.0 0.0 1.0
-0.9347755391782977 0.01587583795544978 -0.3548839938953783 1.0148780988 0.3550745592741918 0.011370495332616078 -0.9347688319537238 -0.480568219723 -0.010805031705694884 -0.9998093166224763 -0.016265967070410337 1.56239545128 0.0 0.0 0.0 1.0
/home/fusy/Documents/bin2pcd/v1.0-mini/samples/LIDAR_TOP/n015-2018-07-24-11-22-45+0800__LIDAR_TOP__1532402928147847.pcd.bin
/home/fusy/Documents/bin2pcd/v1.0-mini/lidarseg/v1.0-mini/4f792c8da81e4cb7aca1790654da1c27_lidarseg.bin
-0.33991686032473906 0.9397597322819041 0.03616868325522987 -1174.896903168274 -0.940433629645876 -0.33939527314506973 -0.019885592721050838 410.9493953761708 -0.006412199159095459 -0.0407736943166639 0.9991478316814366 3.012741547060143 0.0 0.0 0.0 1.0
/home/fusy/Documents/bin2pcd/v1.0-mini/samples/CAM_FRONT/n015-2018-07-24-11-22-45+0800__CAM_FRONT__1532402928112460.jpg
1266.417203046554 0.0 816.2670197447984 0.0 1266.417203046554 491.50706579294757 0.0 0.0 1.0
0.0020332717916884792 0.9997040585673612 0.02424172208749338 0.943713 -0.9999805297789749 0.002175657153334013 -0.005848639064917931 0.0 -0.0058996498863628614 -0.024229358222975846 0.9996890178106995 1.84023 0.0 0.0 0.0 1.0
-0.3400786191161217 0.9402215773452547 0.018163653665330563 409.7431520488096 -0.9402955529017871 -0.339694783478674 -0.02125387659935178 1176.6769733781416 -0.013813254981917836 -0.02430719177073057 0.9996091008064235 0.0 0.0 0.0 0.0 1.0
-0.34049496815188884 0.9400477155128545 0.019325351802959148 409.8506686425138 -0.9401534945948885 -0.3401005933290277 -0.021047399323019557 1176.9702106041582 -0.013212996036612731 -0.025335330593999297 0.9995916855193572 0.0 0.0 0.0 0.0 1.0
0.00568477868271558 -0.005636667733598166 0.999967955120658 1.70079118954 -0.9999835174398977 -0.0008371152724919173 0.005680148462035628 0.0159456324149 0.0008050713376760443 -0.9999837634756286 -0.005641333641939472 1.51095763913 0.0 0.0 0.0 1.0
/home/fusy/Documents/bin2pcd/v1.0-mini/samples/CAM_FRONT_LEFT/n015-2018-07-24-11-22-45+0800__CAM_FRONT_LEFT__1532402928104844.jpg
1272.5979470598488 0.0 826.6154927353808 0.0 1272.5979470598488 479.75165386361925 0.0 0.0 1.0
0.0020332717916884792 0.9997040585673612 0.02424172208749338 0.943713 -0.9999805297789749 0.002175657153334013 -0.005848639064917931 0.0 -0.0058996498863628614 -0.024229358222975846 0.9996890178106995 1.84023 0.0 0.0 0.0 1.0
-0.3400786191161217 0.9402215773452547 0.018163653665330563 409.7431520488096 -0.9402955529017871 -0.339694783478674 -0.02125387659935178 1176.6769733781416 -0.013813254981917836 -0.02430719177073057 0.9996091008064235 0.0 0.0 0.0 0.0 1.0
-0.3405769905891603 0.9400143941737195 0.019500057113954018 409.8738473797397 -0.940125677058299 -0.3401823184186464 -0.020969062234414457 1177.0334049788391 -0.013077645694353223 -0.025474084508205194 0.9995899390257803 0.0 0.0 0.0 0.0 1.0
0.8207583481515547 -0.00034143667149910684 0.571275430384093 1.52387798135 -0.5712716007618153 0.003219501851485951 0.8207547703003993 0.494631336551 -0.002119458082718406 -0.9999947591006803 0.0024473799476104063 1.50932822144 0.0 0.0 0.0 1.0
/home/fusy/Documents/bin2pcd/v1.0-mini/samples/CAM_FRONT_RIGHT/n015-2018-07-24-11-22-45+0800__CAM_FRONT_RIGHT__1532402928120339.jpg
1260.8474446004698 0.0 807.968244525554 0.0 1260.8474446004698 495.3344268742088 0.0 0.0 1.0
0.0020332717916884792 0.9997040585673612 0.02424172208749338 0.943713 -0.9999805297789749 0.002175657153334013 -0.005848639064917931 0.0 -0.0058996498863628614 -0.024229358222975846 0.9996890178106995 1.84023 0.0 0.0 0.0 1.0
-0.3400786191161217 0.9402215773452547 0.018163653665330563 409.7431520488096 -0.9402955529017871 -0.339694783478674 -0.02125387659935178 1176.6769733781416 -0.013813254981917836 -0.02430719177073057 0.9996091008064235 0.0 0.0 0.0 0.0 1.0
-0.3404096468557143 0.9400823129867336 0.019144637293012377 409.8266841394932 -0.9401824127164343 -0.34001561553512233 -0.02112846447274884 1176.9048392546133 -0.013353020118019488 -0.02519178441049734 0.9995934527856525 0.0 0.0 0.0 0.0 1.0
-0.8329295630238644 -9.946037679009478e-06 0.5533790228604183 1.5508477543 -0.5533049273172018 0.016378815789537482 -0.8328177422460685 -0.493404796419 -0.009055409840580897 -0.9998658581501867 -0.0136479030700829 1.49574800619 0.0 0.0 0.0 1.0
/home/fusy/Documents/bin2pcd/v1.0-mini/samples/CAM_BACK/n015-2018-07-24-11-22-45+0800__CAM_BACK__1532402928137525.jpg
809.2209905677063 0.0 829.2196003259838 0.0 809.2209905677063 481.77842384512485 0.0 0.0 1.0
0.0020332717916884792 0.9997040585673612 0.02424172208749338 0.943713 -0.9999805297789749 0.002175657153334013 -0.005848639064917931 0.0 -0.0058996498863628614 -0.024229358222975846 0.9996890178106995 1.84023 0.0 0.0 0.0 1.0
-0.3400786191161217 0.9402215773452547 0.018163653665330563 409.7431520488096 -0.9402955529017871 -0.339694783478674 -0.02125387659935178 1176.6769733781416 -0.013813254981917836 -0.02430719177073057 0.9996091008064235 0.0 0.0 0.0 0.0 1.0
-0.3402057454816997 0.9401674985855782 0.018577549477212074 409.7744720545435 -0.9402516451805761 -0.3398161861161639 -0.021255667213361615 1176.7624453466549 -0.013670935464023133 -0.024698871569404816 0.9996014562147941 0.0 0.0 0.0 0.0 1.0
0.002421709860318866 -0.016753608478469628 -0.9998567156969556 0.0283260309358 0.9999890666843358 -0.003959107249965926 0.002488369260045864 0.00345136761476 -0.0040002291363755715 -0.999851810056237 0.016743837496914354 1.57910346144 0.0 0.0 0.0 1.0
/home/fusy/Documents/bin2pcd/v1.0-mini/samples/CAM_BACK_LEFT/n015-2018-07-24-11-22-45+0800__CAM_BACK_LEFT__1532402928147423.jpg
1256.7414812095406 0.0 792.1125740759628 0.0 1256.7414812095406 492.7757465151356 0.0 0.0 1.0
0.0020332717916884792 0.9997040585673612 0.02424172208749338 0.943713 -0.9999805297789749 0.002175657153334013 -0.005848639064917931 0.0 -0.0058996498863628614 -0.024229358222975846 0.9996890178106995 1.84023 0.0 0.0 0.0 1.0
-0.3400786191161217 0.9402215773452547 0.018163653665330563 409.7431520488096 -0.9402955529017871 -0.339694783478674 -0.02125387659935178 1176.6769733781416 -0.013813254981917836 -0.02430719177073057 0.9996091008064235 0.0 0.0 0.0 0.0 1.0
-0.34008656297407547 0.9402183746838624 0.01818069281726837 409.7444546853051 -0.9402927610716709 -0.3397024805761875 -0.02125436817686824 1176.6805121012226 -0.013807721053567729 -0.024323498868801866 0.9996087805947312 0.0 0.0 0.0 0.0 1.0
0.9477603556843314 0.008665721547931132 -0.31886550999310576 1.03569100218 0.31896113144149074 -0.013976299835876504 0.9476647401230363 0.484795032713 0.0037556387837154315 -0.9998647750135773 -0.016010211253286222 1.59097014818 0.0 0.0 0.0 1.0
/home/fusy/Documents/bin2pcd/v1.0-mini/samples/CAM_BACK_RIGHT/n015-2018-07-24-11-22-45+0800__CAM_BACK_RIGHT__1532402928127893.jpg
1259.5137405846733 0.0 807.2529053838625 0.0 1259.5137405846733 501.19579884916527 0.0 0.0 1.0
0.0020332717916884792 0.9997040585673612 0.02424172208749338 0.943713 -0.9999805297789749 0.002175657153334013 -0.005848639064917931 0.0 -0.0058996498863628614 -0.024229358222975846 0.9996890178106995 1.84023 0.0 0.0 0.0 1.0
-0.3400786191161217 0.9402215773452547 0.018163653665330563 409.7431520488096 -0.9402955529017871 -0.339694783478674 -0.02125387659935178 1176.6769733781416 -0.013813254981917836 -0.02430719177073057 0.9996091008064235 0.0 0.0 0.0 0.0 1.0
-0.34032458437769375 0.9401172030444003 0.01894259243409825 409.80370310944136 -0.9402112664317854 -0.3399315232841795 -0.02119749873065614 1176.8422016777608 -0.01348894891712728 -0.025024068767321907 0.999595840447248 0.0 0.0 0.0 0.0 1.0
-0.9347755391782977 0.01587583795544978 -0.3548839938953783 1.0148780988 0.3550745592741918 0.011370495332616078 -0.9347688319537238 -0.480568219723 -0.010805031705694884 -0.9998093166224763 -0.016265967070410337 1.56239545128 0.0 0.0 0.0 1.0
/home/fusy/Documents/bin2pcd/v1.0-mini/samples/LIDAR_TOP/n015-2018-07-24-11-22-45+0800__LIDAR_TOP__1532402928698048.pcd.bin
/home/fusy/Documents/bin2pcd/v1.0-mini/lidarseg/v1.0-mini/28aaabeb212146a28a511858c09cf20c_lidarseg.bin
-0.33412990533769527 0.9420258084186364 0.0307340630609976 -1170.3830698831748 -0.9424923313700792 -0.33366011642349286 -0.019471312663849313 409.3047075203644 -0.00808774799403525 -0.0354725666040073 0.9993379235028103 3.0045555975505653 0.0 0.0 0.0 1.0
/home/fusy/Documents/bin2pcd/v1.0-mini/samples/CAM_FRONT/n015-2018-07-24-11-22-45+0800__CAM_FRONT__1532402928662460.jpg
1266.417203046554 0.0 816.2670197447984 0.0 1266.417203046554 491.50706579294757 0.0 0.0 1.0
0.0020332717916884792 0.9997040585673612 0.02424172208749338 0.943713 -0.9999805297789749 0.002175657153334013 -0.005848639064917931 0.0 -0.0058996498863628614 -0.024229358222975846 0.9996890178106995 1.84023 0.0 0.0 0.0 1.0
-0.33420813941212774 0.9423188599937161 0.018441411302465384 408.101879146712 -0.9424594539890389 -0.3339501280823429 -0.01573180029333177 1172.1515777892457 -0.008665860451583723 -0.022637978132546397 0.9997061692360929 0.0 0.0 0.0 0.0 1.0
-0.3337473788503909 0.9424809265559821 0.018503788495052215 408.2105568055955 -0.942610607082295 -0.3334586209105852 -0.01704674621024798 1172.4467000474276 -0.009895985369817934 -0.023131174172241663 0.999683459028393 0.0 0.0 0.0 0.0 1.0
0.00568477868271558 -0.005636667733598166 0.999967955120658 1.70079118954 -0.9999835174398977 -0.0008371152724919173 0.005680148462035628 0.0159456324149 0.0008050713376760443 -0.9999837634756286 -0.005641333641939472 1.51095763913 0.0 0.0 0.0 1.0
/home/fusy/Documents/bin2pcd/v1.0-mini/samples/CAM_FRONT_LEFT/n015-2018-07-24-11-22-45+0800__CAM_FRONT_LEFT__1532402928654844.jpg
1272.5979470598488 0.0 826.6154927353808 0.0 1272.5979470598488 479.75165386361925 0.0 0.0 1.0
0.0020332717916884792 0.9997040585673612 0.02424172208749338 0.943713 -0.9999805297789749 0.002175657153334013 -0.005848639064917931 0.0 -0.0058996498863628614 -0.024229358222975846 0.9996890178106995 1.84023 0.0 0.0 0.0 1.0
-0.33420813941212774 0.9423188599937161 0.018441411302465384 408.101879146712 -0.9424594539890389 -0.3339501280823429 -0.01573180029333177 1172.1515777892457 -0.008665860451583723 -0.022637978132546397 0.9997061692360929 0.0 0.0 0.0 0.0 1.0
-0.33364876464227444 0.9425163100742371 0.018479910625544257 408.2338122927145 -0.9426416470935586 -0.3333515861976131 -0.017419676928056925 1172.509985087621 -0.010258022101102238 -0.02323198707771852 0.9996774718672987 0.0 0.0 0.0 0.0 1.0
0.8207583481515547 -0.00034143667149910684 0.571275430384093 1.52387798135 -0.5712716007618153 0.003219501851485951 0.8207547703003993 0.494631336551 -0.002119458082718406 -0.9999947591006803 0.0024473799476104063 1.50932822144 0.0 0.0 0.0 1.0
/home/fusy/Documents/bin2pcd/v1.0-mini/samples/CAM_FRONT_RIGHT/n015-2018-07-24-11-22-45+0800__CAM_FRONT_RIGHT__1532402928670339.jpg
1260.8474446004698 0.0 807.968244525554 0.0 1260.8474446004698 495.3344268742088 0.0 0.0 1.0
0.0020332717916884792 0.9997040585673612 0.02424172208749338 0.943713 -0.9999805297789749 0.002175657153334013 -0.005848639064917931 0.0 -0.0058996498863628614 -0.024229358222975846 0.9996890178106995 1.84023 0.0 0.0 0.0 1.0
-0.33420813941212774 0.9423188599937161 0.018441411302465384 408.101879146712 -0.9424594539890389 -0.3339501280823429 -0.01573180029333177 1172.1515777892457 -0.008665860451583723 -0.022637978132546397 0.9997061692360929 0.0 0.0 0.0 0.0 1.0
-0.33384941119705813 0.9424449593818154 0.018495112305311184 408.18653094416294 -0.9425777157574393 -0.3335684399488696 -0.016713635976807906 1172.3813138008836 -0.00958229622092338 -0.023012918239236808 0.9996892443120755 0.0 0.0 0.0 0.0 1.0
-0.8329295630238644 -9.946037679009478e-06 0.5533790228604183 1.5508477543 -0.5533049273172018 0.016378815789537482 -0.8328177422460685 -0.493404796419 -0.009055409840580897 -0.9998658581501867 -0.0136479030700829 1.49574800619 0.0 0.0 0.0 1.0
/home/fusy/Documents/bin2pcd/v1.0-mini/samples/CAM_BACK/n015-2018-07-24-11-22-45+0800__CAM_BACK__1532402928687525.jpg
809.2209905677063 0.0 829.2196003259838 0.0 809.2209905677063 481.77842384512485 0.0 0.0 1.0
0.0020332717916884792 0.9997040585673612 0.02424172208749338 0.943713 -0.9999805297789749 0.002175657153334013 -0.005848639064917931 0.0 -0.0058996498863628614 -0.024229358222975846 0.9996890178106995 1.84023 0.0 0.0 0.0 1.0
-0.33420813941212774 0.9423188599937161 0.018441411302465384 408.101879146712 -0.9424594539890389 -0.3339501280823429 -0.01573180029333177 1172.1515777892457 -0.008665860451583723 -0.022637978132546397 0.9997061692360929 0.0 0.0 0.0 0.0 1.0
-0.3339872092866299 0.9423963976488354 0.018481713433205055 408.1345871341127 -0.9425352637307445 -0.3337221490240821 -0.016025101396396776 1172.2393648859525 -0.008934240703345205 -0.0227718455388798 0.9997007664265385 0.0 0.0 0.0 0.0 1.0
0.002421709860318866 -0.016753608478469628 -0.9998567156969556 0.0283260309358 0.9999890666843358 -0.003959107249965926 0.002488369260045864 0.00345136761476 -0.0040002291363755715 -0.999851810056237 0.016743837496914354 1.57910346144 0.0 0.0 0.0 1.0
/home/fusy/Documents/bin2pcd/v1.0-mini/samples/CAM_BACK_LEFT/n015-2018-07-24-11-22-45+0800__CAM_BACK_LEFT__1532402928697423.jpg
1256.7414812095406 0.0 792.1125740759628 0.0 1256.7414812095406 492.7757465151356 0.0 0.0 1.0
0.0020332717916884792 0.9997040585673612 0.02424172208749338 0.943713 -0.9999805297789749 0.002175657153334013 -0.005848639064917931 0.0 -0.0058996498863628614 -0.024229358222975846 0.9996890178106995 1.84023 0.0 0.0 0.0 1.0
-0.33420813941212774 0.9423188599937161 0.018441411302465384 408.101879146712 -0.9424594539890389 -0.3339501280823429 -0.01573180029333177 1172.1515777892457 -0.008665860451583723 -0.022637978132546397 0.9997061692360929 0.0 0.0 0.0 0.0 1.0
-0.3337875034233285 0.9424677551234009 0.018450829549865738 408.10626529906153 -0.9426083703683257 -0.3335291471295432 -0.01574065203885042 1172.1593865407121 -0.008681167547634646 -0.022645939320245907 0.9997058561208456 0.0 0.0 0.0 0.0 1.0
0.9477603556843314 0.008665721547931132 -0.31886550999310576 1.03569100218 0.31896113144149074 -0.013976299835876504 0.9476647401230363 0.484795032713 0.0037556387837154315 -0.9998647750135773 -0.016010211253286222 1.59097014818 0.0 0.0 0.0 1.0
/home/fusy/Documents/bin2pcd/v1.0-mini/samples/CAM_BACK_RIGHT/n015-2018-07-24-11-22-45+0800__CAM_BACK_RIGHT__1532402928677893.jpg
1259.5137405846733 0.0 807.2529053838625 0.0 1259.5137405846733 501.19579884916527 0.0 0.0 1.0
0.0020332717916884792 0.9997040585673612 0.02424172208749338 0.943713 -0.9999805297789749 0.002175657153334013 -0.005848639064917931 0.0 -0.0058996498863628614 -0.024229358222975846 0.9996890178106995 1.84023 0.0 0.0 0.0 1.0
-0.33420813941212774 0.9423188599937161 0.018441411302465384 408.101879146712 -0.9424594539890389 -0.3339501280823429 -0.01573180029333177 1172.1515777892457 -0.008665860451583723 -0.022637978132546397 0.9997061692360929 0.0 0.0 0.0 0.0 1.0
-0.3339474085197688 0.9424104012608677 0.01848685852871222 408.1635045525034 -0.9425460101532303 -0.33367386289473777 -0.01639426622725557 1172.318681991951 -0.009281545515541481 -0.02289953746768009 0.9996946854398141 0.0 0.0 0.0 0.0 1.0
-0.9347755391782977 0.01587583795544978 -0.3548839938953783 1.0148780988 0.3550745592741918 0.011370495332616078 -0.9347688319537238 -0.480568219723 -0.010805031705694884 -0.9998093166224763 -0.016265967070410337 1.56239545128 0.0 0.0 0.0 1.0
/home/fusy/Documents/bin2pcd/v1.0-mini/samples/LIDAR_TOP/n015-2018-07-24-11-22-45+0800__LIDAR_TOP__1532402929197353.pcd.bin
/home/fusy/Documents/bin2pcd/v1.0-mini/lidarseg/v1.0-mini/c4f1a270736445e185379a80c29a5139_lidarseg.bin
-0.3231545359068236 0.9456378731302616 0.03660817974879161 -1166.4315635733535 -0.9462810997649188 -0.3224366766646228 -0.02422126687783711 407.9219434787621 -0.011100727477936828 -0.042468840850061154 0.999036121171958 2.9874236327235693 0.0 0.0 0.0 1.0
/home/fusy/Documents/bin2pcd/v1.0-mini/samples/CAM_FRONT/n015-2018-07-24-11-22-45+0800__CAM_FRONT__1532402929162460.jpg
1266.417203046554 0.0 816.2670197447984 0.0 1266.417203046554 491.50706579294757 0.0 0.0 1.0
0.0020332717916884792 0.9997040585673612 0.02424172208749338 0.943713 -0.9999805297789749 0.002175657153334013 -0.005848639064917931 0.0 -0.0058996498863628614 -0.024229358222975846 0.9996890178106995 1.84023 0.0 0.0 0.0 1.0
-0.32327635630689605 0.9462089598992802 0.013453685712757957 406.7260055966978 -0.9461699617976416 -0.32295787589209096 -0.02146191489865106 1168.2112865775816 -0.015962482412987415 -0.019667602944682287 0.9996791407994987 0.0 0.0 0.0 0.0 1.0
-0.3234428663227042 0.9461553445193235 0.01322029736711364 406.82010326977235 -0.9461216447811768 -0.3231401700840671 -0.020838996007544373 1168.4824299658203 -0.015444918307183895 -0.019248234089437342 0.9996954336111193 0.0 0.0 0.0 0.0 1.0
0.00568477868271558 -0.005636667733598166 0.999967955120658 1.70079118954 -0.9999835174398977 -0.0008371152724919173 0.005680148462035628 0.0159456324149 0.0008050713376760443 -0.9999837634756286 -0.005641333641939472 1.51095763913 0.0 0.0 0.0 1.0
/home/fusy/Documents/bin2pcd/v1.0-mini/samples/CAM_FRONT_LEFT/n015-2018-07-24-11-22-45+0800__CAM_FRONT_LEFT__1532402929154844.jpg
1272.5979470598488 0.0 826.6154927353808 0.0 1272.5979470598488 479.75165386361925 0.0 0.0 1.0
0.0020332717916884792 0.9997040585673612 0.02424172208749338 0.943713 -0.9999805297789749 0.002175657153334013 -0.005848639064917931 0.0 -0.0058996498863628614 -0.024229358222975846 0.9996890178106995 1.84023 0.0 0.0 0.0 1.0
-0.32327635630689605 0.9462089598992802 0.013453685712757957 406.7260055966978 -0.9461699617976416 -0.32295787589209096 -0.02146191489865106 1168.2112865775816 -0.015962482412987415 -0.019667602944682287 0.9996791407994987 0.0 0.0 0.0 0.0 1.0
-0.32347341783354017 0.9461457272633345 0.0131609549966709 406.840705256859 -0.9461132196943387 -0.32317453078088537 -0.020688116738040805 1168.5417391978403 -0.015320687801144909 -0.019143809335945925 0.9996993503495986 0.0 0.0 0.0 0.0 1.0
0.8207583481515547 -0.00034143667149910684 0.571275430384093 1.52387798135 -0.5712716007618153 0.003219501851485951 0.8207547703003993 0.494631336551 -0.002119458082718406 -0.9999947591006803 0.0024473799476104063 1.50932822144 0.0 0.0 0.0 1.0
/home/fusy/Documents/bin2pcd/v1.0-mini/samples/CAM_FRONT_RIGHT/n015-2018-07-24-11-22-45+0800__CAM_FRONT_RIGHT__1532402929170339.jpg
1260.8474446004698 0.0 807.968244525554 0.0 1260.8474446004698 495.3344268742088 0.0 0.0 1.0
0.0020332717916884792 0.9997040585673612 0.02424172208749338 0.943713 -0.9999805297789749 0.002175657153334013 -0.005848639064917931 0.0 -0.0058996498863628614 -0.024229358222975846 0.9996890178106995 1.84023 0.0 0.0 0.0 1.0
-0.32327635630689605 0.9462089598992802 0.013453685712757957 406.7260055966978 -0.9461699617976416 -0.32295787589209096 -0.02146191489865106 1168.2112865775816 -0.015962482412987415 -0.019667602944682287 0.9996791407994987 0.0 0.0 0.0 0.0 1.0
-0.32340720550680413 0.9461667872680969 0.013273661779941678 406.7988369542015 -0.9461318853463957 -0.32310091939281993 -0.020982169058270102 1168.4211614337228 -0.015563899162970993 -0.01934441930591307 0.9996917317276174 0.0 0.0 0.0 0.0 1.0
-0.8329295630238644 -9.946037679009478e-06 0.5533790228604183 1.5508477543 -0.5533049273172018 0.016378815789537482 -0.8328177422460685 -0.493404796419 -0.009055409840580897 -0.9998658581501867 -0.0136479030700829 1.49574800619 0.0 0.0 0.0 1.0
/home/fusy/Documents/bin2pcd/v1.0-mini/samples/CAM_BACK/n015-2018-07-24-11-22-45+0800__CAM_BACK__1532402929187525.jpg
809.2209905677063 0.0 829.2196003259838 0.0 809.2209905677063 481.77842384512485 0.0 0.0 1.0
0.0020332717916884792 0.9997040585673612 0.02424172208749338 0.943713 -0.9999805297789749 0.002175657153334013 -0.005848639064917931 0.0 -0.0058996498863628614 -0.024229358222975846 0.9996890178106995 1.84023 0.0 0.0 0.0 1.0
-0.32327635630689605 0.9462089598992802 0.013453685712757957 406.7260055966978 -0.9461699617976416 -0.32295787589209096 -0.02146191489865106 1168.2112865775816 -0.015962482412987415 -0.019667602944682287 0.9996791407994987 0.0 0.0 0.0 0.0 1.0
-0.3233216894049001 0.9461945438861289 0.013377977443621096 406.75248868486386 -0.9461568261137793 -0.32300780228931153 -0.02128896565192522 1168.2874679411373 -0.015822312051690813 -0.019540849018141616 0.9996838548566189 0.0 0.0 0.0 0.0 1.0
0.002421709860318866 -0.016753608478469628 -0.9998567156969556 0.0283260309358 0.9999890666843358 -0.003959107249965926 0.002488369260045864 0.00345136761476 -0.0040002291363755715 -0.999851810056237 0.016743837496914354 1.57910346144 0.0 0.0 0.0 1.0
/home/fusy/Documents/bin2pcd/v1.0-mini/samples/CAM_BACK_LEFT/n015-2018-07-24-11-22-45+0800__CAM_BACK_LEFT__1532402929197423.jpg
1256.7414812095406 0.0 792.1125740759628 0.0 1256.7414812095406 492.7757465151356 0.0 0.0 1.0
0.0020332717916884792 0.9997040585673612 0.02424172208749338 0.943713 -0.9999805297789749 0.002175657153334013 -0.005848639064917931 0.0 -0.0058996498863628614 -0.024229358222975846 0.9996890178106995 1.84023 0.0 0.0 0.0 1.0
-0.32327635630689605 0.9462089598992802 0.013453685712757957 406.7260055966978 -0.9461699617976416 -0.32295787589209096 -0.02146191489865106 1168.2112865775816 -0.015962482412987415 -0.019667602944682287 0.9996791407994987 0.0 0.0 0.0 0.0 1.0
-0.3232641458223294 0.9462131199854107 0.013454500854102217 406.72572044428665 -0.9461741168219282 -0.3229456319680733 -0.021462978567396124 1168.209835388974 -0.015963479633292876 -0.019668511896302324 0.9996791069927295 0.0 0.0 0.0 0.0 1.0
0.9477603556843314 0.008665721547931132 -0.31886550999310576 1.03569100218 0.31896113144149074 -0.013976299835876504 0.9476647401230363 0.484795032713 0.0037556387837154315 -0.9998647750135773 -0.016010211253286222 1.59097014818 0.0 0.0 0.0 1.0
/home/fusy/Documents/bin2pcd/v1.0-mini/samples/CAM_BACK_RIGHT/n015-2018-07-24-11-22-45+0800__CAM_BACK_RIGHT__1532402929177893.jpg
1259.5137405846733 0.0 807.2529053838625 0.0 1259.5137405846733 501.19579884916527 0.0 0.0 1.0
0.0020332717916884792 0.9997040585673612 0.02424172208749338 0.943713 -0.9999805297789749 0.002175657153334013 -0.005848639064917931 0.0 -0.0058996498863628614 -0.024229358222975846 0.9996890178106995 1.84023 0.0 0.0 0.0 1.0
-0.32327635630689605 0.9462089598992802 0.013453685712757957 406.7260055966978 -0.9461699617976416 -0.32295787589209096 -0.02146191489865106 1168.2112865775816 -0.015962482412987415 -0.019667602944682287 0.9996791407994987 0.0 0.0 0.0 0.0 1.0
-0.3233705855405748 0.9461787336032361 0.013314221123397765 406.77847487651474 -0.946142442041412 -0.3230609817852853 -0.02112063956990837 1168.3624724398423 -0.015682594653315028 -0.019426943272283604 0.9996882764642366 0.0 0.0 0.0 0.0 1.0
-0.9347755391782977 0.01587583795544978 -0.3548839938953783 1.0148780988 0.3550745592741918 0.011370495332616078 -0.9347688319537238 -0.480568219723 -0.010805031705694884 -0.9998093166224763 -0.016265967070410337 1.56239545128 0.0 0.0 0.0 1.0
/home/fusy/Documents/bin2pcd/v1.0-mini/samples/LIDAR_TOP/n015-2018-07-24-11-22-45+0800__LIDAR_TOP__1532402929697797.pcd.bin
/home/fusy/Documents/bin2pcd/v1.0-mini/lidarseg/v1.0-mini/6a97481174074729a9d0ffa096eaa498_lidarseg.bin
-0.3187446849915765 0.9472714550004462 0.032842294849148926 -1162.5828412115363 -0.947760895923173 -0.31807711921478343 -0.024004799331137618 406.6016770357711 -0.012292678655380649 -0.03877804499149188 0.9991722340408151 2.9816471712791914 0.0 0.0 0.0 1.0
/home/fusy/Documents/bin2pcd/v1.0-mini/samples/CAM_FRONT/n015-2018-07-24-11-22-45+0800__CAM_FRONT__1532402929662460.jpg
1266.417203046554 0.0 816.2670197447984 0.0 1266.417203046554 491.50706579294757 0.0 0.0 1.0
0.0020332717916884792 0.9997040585673612 0.02424172208749338 0.943713 -0.9999805297789749 0.002175657153334013 -0.005848639064917931 0.0 -0.0058996498863628614 -0.024229358222975846 0.9996890178106995 1.84023 0.0 0.0 0.0 1.0
-0.3188245216169768 0.9477166612567423 0.013566664736732952 405.40940618082874 -0.9477328028219361 -0.31857755173101704 -0.017631732426181275 1164.3542269452469 -0.012387851750128853 -0.018479001851945225 0.999752503182449 0.0 0.0 0.0 0.0 1.0
-0.3192652072282665 0.9475585205635761 0.014232974420603502 405.503498188272 -0.9475853982090428 -0.31900708343370576 -0.01778746244210564 1164.6313409255833 -0.012314241937718538 -0.019165876616690565 0.9997404806343553 0.0 0.0 0.0 0.0 1.0
0.00568477868271558 -0.005636667733598166 0.999967955120658 1.70079118954 -0.9999835174398977 -0.0008371152724919173 0.005680148462035628 0.0159456324149 0.0008050713376760443 -0.9999837634756286 -0.005641333641939472 1.51095763913 0.0 0.0 0.0 1.0
/home/fusy/Documents/bin2pcd/v1.0-mini/samples/CAM_FRONT_LEFT/n015-2018-07-24-11-22-45+0800__CAM_FRONT_LEFT__1532402929654844.jpg
1272.5979470598488 0.0 826.6154927353808 0.0 1272.5979470598488 479.75165386361925 0.0 0.0 1.0
0.0020332717916884792 0.9997040585673612 0.02424172208749338 0.943713 -0.9999805297789749 0.002175657153334013 -0.005848639064917931 0.0 -0.0058996498863628614 -0.024229358222975846 0.9996890178106995 1.84023 0.0 0.0 0.0 1.0
-0.3188245216169768 0.9477166612567423 0.013566664736732952 405.40940618082874 -0.9477328028219361 -0.31857755173101704 -0.017631732426181275 1164.3542269452469 -0.012387851750128853 -0.018479001851945225 0.999752503182449 0.0 0.0 0.0 0.0 1.0
-0.3192498570603481 0.9475627210974094 0.01429749465540013 405.5238187980925 -0.947590228099739 -0.3189899937795041 -0.017836576982068864 1164.6906992131014 -0.012340517689004 -0.01924249087373678 0.9997386849412913 0.0 0.0 0.0 0.0 1.0
0.8207583481515547 -0.00034143667149910684 0.571275430384093 1.52387798135 -0.5712716007618153 0.003219501851485951 0.8207547703003993 0.494631336551 -0.002119458082718406 -0.9999947591006803 0.0024473799476104063 1.50932822144 0.0 0.0 0.0 1.0
/home/fusy/Documents/bin2pcd/v1.0-mini/samples/CAM_FRONT_RIGHT/n015-2018-07-24-11-22-45+0800__CAM_FRONT_RIGHT__1532402929670339.jpg
1260.8474446004698 0.0 807.968244525554 0.0 1260.8474446004698 495.3344268742088 0.0 0.0 1.0
0.0020332717916884792 0.9997040585673612 0.02424172208749338 0.943713 -0.9999805297789749 0.002175657153334013 -0.005848639064917931 0.0 -0.0058996498863628614 -0.024229358222975846 0.9996890178106995 1.84023 0.0 0.0 0.0 1.0
-0.3188245216169768 0.9477166612567423 0.013566664736732952 405.40940618082874 -0.9477328028219361 -0.31857755173101704 -0.017631732426181275 1164.3542269452469 -0.012387851750128853 -0.018479001851945225 0.999752503182449 0.0 0.0 0.0 0.0 1.0
-0.31920040977944525 0.9475813875436978 0.014163769886385492 405.48250277675845 -0.9476074203404126 -0.31894390769546027 -0.017747131028373588 1164.5696649950892 -0.012299402929522984 -0.01908658494099933 0.9997421802459208 0.0 0.0 0.0 0.0 1.0
-0.8329295630238644 -9.946037679009478e-06 0.5533790228604183 1.5508477543 -0.5533049273172018 0.016378815789537482 -0.8328177422460685 -0.493404796419 -0.009055409840580897 -0.9998658581501867 -0.0136479030700829 1.49574800619 0.0 0.0 0.0 1.0
/home/fusy/Documents/bin2pcd/v1.0-mini/samples/CAM_BACK/n015-2018-07-24-11-22-45+0800__CAM_BACK__1532402929687525.jpg
809.2209905677063 0.0 829.2196003259838 0.0 809.2209905677063 481.77842384512485 0.0 0.0 1.0
0.0020332717916884792 0.9997040585673612 0.02424172208749338 0.943713 -0.9999805297789749 0.002175657153334013 -0.005848639064917931 0.0 -0.0058996498863628614 -0.024229358222975846 0.9996890178106995 1.84023 0.0 0.0 0.0 1.0
-0.3188245216169768 0.9477166612567423 0.013566664736732952 405.40940618082874 -0.9477328028219361 -0.31857755173101704 -0.017631732426181275 1164.3542269452469 -0.012387851750128853 -0.018479001851945225 0.999752503182449 0.0 0.0 0.0 0.0 1.0
-0.3189604553722812 0.9476674716095501 0.013805475792962678 405.43675451342284 -0.9476876084284882 -0.31870980830394224 -0.01767073631621766 1164.4348156709138 -0.012346041462749193 -0.018719544439634476 0.9997485453433643 0.0 0.0 0.0 0.0 1.0
0.002421709860318866 -0.016753608478469628 -0.9998567156969556 0.0283260309358 0.9999890666843358 -0.003959107249965926 0.002488369260045864 0.00345136761476 -0.0040002291363755715 -0.999851810056237 0.016743837496914354 1.57910346144 0.0 0.0 0.0 1.0
/home/fusy/Documents/bin2pcd/v1.0-mini/samples/CAM_BACK_LEFT/n015-2018-07-24-11-22-45+0800__CAM_BACK_LEFT__1532402929697423.jpg
1256.7414812095406 0.0 792.1125740759628 0.0 1256.7414812095406 492.7757465151356 0.0 0.0 1.0
0.0020332717916884792 0.9997040585673612 0.02424172208749338 0.943713 -0.9999805297789749 0.002175657153334013 -0.005848639064917931 0.0 -0.0058996498863628614 -0.024229358222975846 0.9996890178106995 1.84023 0.0 0.0 0.0 1.0
-0.3188245216169768 0.9477166612567423 0.013566664736732952 405.40940618082874 -0.9477328028219361 -0.31857755173101704 -0.017631732426181275 1164.3542269452469 -0.012387851750128853 -0.018479001851945225 0.999752503182449 0.0 0.0 0.0 0.0 1.0
-0.31879665688299547 0.9477263907891713 0.013541778389708544 405.41042916944076 -0.9477418934041937 -0.3185497389206327 -0.017645603424940034 1164.3571145484284 -0.01240947407665274 -0.01845947007167639 0.999752595854501 0.0 0.0 0.0 0.0 1.0
0.9477603556843314 0.008665721547931132 -0.31886550999310576 1.03569100218 0.31896113144149074 -0.013976299835876504 0.9476647401230363 0.484795032713 0.0037556387837154315 -0.9998647750135773 -0.016010211253286222 1.59097014818 0.0 0.0 0.0 1.0
/home/fusy/Documents/bin2pcd/v1.0-mini/samples/CAM_BACK_RIGHT/n015-2018-07-24-11-22-45+0800__CAM_BACK_RIGHT__1532402929677893.jpg
1259.5137405846733 0.0 807.2529053838625 0.0 1259.5137405846733 501.19579884916527 0.0 0.0 1.0
0.0020332717916884792 0.9997040585673612 0.02424172208749338 0.943713 -0.9999805297789749 0.002175657153334013 -0.005848639064917931 0.0 -0.0058996498863628614 -0.024229358222975846 0.9996890178106995 1.84023 0.0 0.0 0.0 1.0
-0.3188245216169768 0.9477166612567423 0.013566664736732952 405.40940618082874 -0.9477328028219361 -0.31857755173101704 -0.017631732426181275 1164.3542269452469 -0.012387851750128853 -0.018479001851945225 0.999752503182449 0.0 0.0 0.0 0.0 1.0
-0.31909704523506416 0.9476183826027755 0.014017013788687499 405.46239269627483 -0.9476420455614389 -0.3188430392990962 -0.01771072484817198 1164.5103957376023 -0.012313781157065051 -0.018934551587397618 0.999744894235425 0.0 0.0 0.0 0.0 1.0
-0.9347755391782977 0.01587583795544978 -0.3548839938953783 1.0148780988 0.3550745592741918 0.011370495332616078 -0.9347688319537238 -0.480568219723 -0.010805031705694884 -0.9998093166224763 -0.016265967070410337 1.56239545128 0.0 0.0 0.0 1.0
/home/fusy/Documents/bin2pcd/v1.0-mini/samples/LIDAR_TOP/n015-2018-07-24-11-22-45+0800__LIDAR_TOP__1532402930152601.pcd.bin
/home/fusy/Documents/bin2pcd/v1.0-mini/lidarseg/v1.0-mini/fca0353274424116948fa1f10be1fc29_lidarseg.bin
-0.3126282040523706 0.9491941005765914 0.035974511276556057 -1159.2735788376108 -0.9498141271872935 -0.3119529277628923 -0.023205487618246166 405.4700950894033 -0.010804157830681532 -0.041423788947383335 0.9990832497258743 2.970979294441787 0.0 0.0 0.0 1.0
/home/fusy/Documents/bin2pcd/v1.0-mini/samples/CAM_FRONT/n015-2018-07-24-11-22-45+0800__CAM_FRONT__1532402930112460.jpg
1266.417203046554 0.0 816.2670197447984 0.0 1266.417203046554 491.50706579294757 0.0 0.0 1.0
0.0020332717916884792 0.9997040585673612 0.02424172208749338 0.943713 -0.9999805297789749 0.002175657153334013 -0.005848639064917931 0.0 -0.0058996498863628614 -0.024229358222975846 0.9996890178106995 1.84023 0.0 0.0 0.0 1.0
-0.3127487665707823 0.9497292161161963 0.014234643085484397 404.27766613575534 -0.9497143894431461 -0.3124339509255043 -0.020678607151194295 1161.0501064609266 -0.01519169158086622 -0.01998605424780968 0.9996848354068981 0.0 0.0 0.0 0.0 1.0
-0.313427485746037 0.9495124396592466 0.01376001857790944 404.3748127067429 -0.949489273101772 -0.31312094727437506 -0.020625048913094402 1161.3378286421344 -0.015275190459935546 -0.019529447261626313 0.9996925873717725 0.0 0.0 0.0 0.0 1.0
0.00568477868271558 -0.005636667733598166 0.999967955120658 1.70079118954 -0.9999835174398977 -0.0008371152724919173 0.005680148462035628 0.0159456324149 0.0008050713376760443 -0.9999837634756286 -0.005641333641939472 1.51095763913 0.0 0.0 0.0 1.0
/home/fusy/Documents/bin2pcd/v1.0-mini/samples/CAM_FRONT_LEFT/n015-2018-07-24-11-22-45+0800__CAM_FRONT_LEFT__1532402930104844.jpg
1272.5979470598488 0.0 826.6154927353808 0.0 1272.5979470598488 479.75165386361925 0.0 0.0 1.0
0.0020332717916884792 0.9997040585673612 0.02424172208749338 0.943713 -0.9999805297789749 0.002175657153334013 -0.005848639064917931 0.0 -0.0058996498863628614 -0.024229358222975846 0.9996890178106995 1.84023 0.0 0.0 0.0 1.0
-0.3127487665707823 0.9497292161161963 0.014234643085484397 404.27766613575534 -0.9497143894431461 -0.3124339509255043 -0.020678607151194295 1161.0501064609266 -0.01519169158086622 -0.01998605424780968 0.9996848354068981 0.0 0.0 0.0 0.0 1.0
