/home/fusy/Documents/bin2pcd/v1.0-mini/samples/LIDAR_TOP/n015-2018-07-24-11-22-45+0800__LIDAR_TOP__1532402927647951.pcd.bin
/home/fusy/Documents/bin2pcd/v1.0-mini/lidarseg/v1.0-mini/9d9bf11fb0e144c8b446d54a8a00184f_lidarseg.bin
/home/fusy/Documents/bin2pcd/v1.0-mini/samples/CAM_FRONT/n015-2018-07-24-11-22-45+0800__CAM_FRONT__1532402927612460.jpg
/home/fusy/Documents/bin2pcd/v1.0-mini/samples/CAM_FRONT_LEFT/n015-2018-07-24-11-22-45+0800__CAM_FRONT_LEFT__1532402927604844.jpg
/home/fusy/Documents/bin2pcd/v1.0-mini/samples/CAM_FRONT_RIGHT/n015-2018-07-24-11-22-45+0800__CAM_FRONT_RIGHT__1532402927620339.jpg
/home/fusy/Documents/bin2pcd/v1.0-mini/samples/CAM_BACK/n015-2018-07-24-11-22-45+0800__CAM_BACK__1532402927637525.jpg
/home/fusy/Documents/bin2pcd/v1.0-mini/samples/CAM_BACK_LEFT/n015-2018-07-24-11-22-45+0800__CAM_BACK_LEFT__1532402927647423.jpg
/home/fusy/Documents/bin2pcd/v1.0-mini/samples/CAM_BACK_RIGHT/n015-2018-07-24-11-22-45+0800__CAM_BACK_RIGHT__1532402927627893.jpg
-0.3454617339655931 0.9378788451787364 0.032240690620523635 -1179.1160105270794 -0.9383857259085568 -0.34489621317341634 -0.021882219944748676 412.51020169494194 -0.00940317906661371 -0.03781367351686259 0.9992405647883816 3.0287949771232547 0.0 0.0 0.0 1.0
1266.417203046554 0.0 816.2670197447984 0.0 1266.417203046554 491.50706579294757 0.0 0.0 1.0
0.0020332717916884792 0.9997040585673612 0.02424172208749338 0.943713 -0.9999805297789749 0.002175657153334013 -0.005848639064917931 0.0 -0.0058996498863628614 -0.024229358222975846 0.9996890178106995 1.84023 0.0 0.0 0.0 1.0
-0.3455529262807374 0.9382579894742809 0.016282515975798058 411.3039349319818 -0.9383381109871731 -0.3452803054762253 -0.01740977079891561 1180.8903791765097 -0.010712824456953516 -0.021294502528291005 0.999715849406335 0.0 0.0 0.0 0.0 1.0
-0.34560828231313545 0.9382294515026928 0.016745492812085146 411.4199861830012 -0.9383286013339243 -0.3453500147789197 -0.016516755459845916 1181.197175631848 -0.009713450225561448 -0.021421102332874597 0.9997233543633754 0.0 0.0 0.0 0.0 1.0
0.00568477868271558 -0.005636667733598166 0.999967955120658 1.70079118954 -0.9999835174398977 -0.0008371152724919173 0.005680148462035628 0.0159456324149 0.0008050713376760443 -0.9999837634756286 -0.005641333641939472 1.51095763913 0.0 0.0 0.0 1.0
/home/fusy/Documents/bin2pcd/v1.0-mini/samples/LIDAR_TOP/n015-2018-07-24-11-22-45+0800__LIDAR_TOP__1532402928147847.pcd.bin
/home/fusy/Documents/bin2pcd/v1.0-mini/lidarseg/v1.0-mini/4f792c8da81e4cb7aca1790654da1c27_lidarseg.bin
/home/fusy/Documents/bin2pcd/v1.0-mini/samples/CAM_FRONT/n015-2018-07-24-11-22-45+0800__CAM_FRONT__1532402928112460.jpg
/home/fusy/Documents/bin2pcd/v1.0-mini/samples/CAM_FRONT_LEFT/n015-2018-07-24-11-22-45+0800__CAM_FRONT_LEFT__1532402928104844.jpg
/home/fusy/Documents/bin2pcd/v1.0-mini/samples/CAM_FRONT_RIGHT/n015-2018-07-24-11-22-45+0800__CAM_FRONT_RIGHT__1532402928120339.jpg
/home/fusy/Documents/bin2pcd/v1.0-mini/samples/CAM_BACK/n015-2018-07-24-11-22-45+0800__CAM_BACK__1532402928137525.jpg
/home/fusy/Documents/bin2pcd/v1.0-mini/samples/CAM_BACK_LEFT/n015-2018-07-24-11-22-45+0800__CAM_BACK_LEFT__1532402928147423.jpg
/home/fusy/Documents/bin2pcd/v1.0-mini/samples/CAM_BACK_RIGHT/n015-2018-07-24-11-22-45+0800__CAM_BACK_RIGHT__1532402928127893.jpg
-0.33991686032473906 0.9397597322819041 0.03616868325522987 -1174.896903168274 -0.940433629645876 -0.33939527314506973 -0.019885592721050838 410.9493953761708 -0.006412199159095459 -0.0407736943166639 0.9991478316814366 3.012741547060143 0.0 0.0 0.0 1.0
1266.417203046554 0.0 816.2670197447984 0.0 1266.417203046554 491.50706579294757 0.0 0.0 1.0
0.0020332717916884792 0.9997040585673612 0.02424172208749338 0.943713 -0.9999805297789749 0.002175657153334013 -0.005848639064917931 0.0 -0.0058996498863628614 -0.024229358222975846 0.9996890178106995 1.84023 0.0 0.0 0.0 1.0
-0.3400786191161217 0.9402215773452547 0.018163653665330563 409.7431520488096 -0.9402955529017871 -0.339694783478674 -0.02125387659935178 1176.6769733781416 -0.013813254981917836 -0.02430719177073057 0.9996091008064235 0.0 0.0 0.0 0.0 1.0
-0.34049496815188884 0.9400477155128545 0.019325351802959148 409.8506686425138 -0.9401534945948885 -0.3401005933290277 -0.021047399323019557 1176.9702106041582 -0.013212996036612731 -0.025335330593999297 0.9995916855193572 0.0 0.0 0.0 0.0 1.0
0.00568477868271558 -0.005636667733598166 0.999967955120658 1.70079118954 -0.9999835174398977 -0.0008371152724919173 0.005680148462035628 0.0159456324149 0.0008050713376760443 -0.9999837634756286 -0.005641333641939472 1.51095763913 0.0 0.0 0.0 1.0
/home/fusy/Documents/bin2pcd/v1.0-mini/samples/LIDAR_TOP/n015-2018-07-24-11-22-45+0800__LIDAR_TOP__1532402928698048.pcd.bin
/home/fusy/Documents/bin2pcd/v1.0-mini/lidarseg/v1.0-mini/28aaabeb212146a28a511858c09cf20c_lidarseg.bin
/home/fusy/Documents/bin2pcd/v1.0-mini/samples/CAM_FRONT/n015-2018-07-24-11-22-45+0800__CAM_FRONT__1532402928662460.jpg
/home/fusy/Documents/bin2pcd/v1.0-mini/samples/CAM_FRONT_LEFT/n015-2018-07-24-11-22-45+0800__CAM_FRONT_LEFT__1532402928654844.jpg
/home/fusy/Documents/bin2pcd/v1.0-mini/samples/CAM_FRONT_RIGHT/n015-2018-07-24-11-22-45+0800__CAM_FRONT_RIGHT__1532402928670339.jpg
/home/fusy/Documents/bin2pcd/v1.0-mini/samples/CAM_BACK/n015-2018-07-24-11-22-45+0800__CAM_BACK__1532402928687525.jpg
/home/fusy/Documents/bin2pcd/v1.0-mini/samples/CAM_BACK_LEFT/n015-2018-07-24-11-22-45+0800__CAM_BACK_LEFT__1532402928697423.jpg
/home/fusy/Documents/bin2pcd/v1.0-mini/samples/CAM_BACK_RIGHT/n015-2018-07-24-11-22-45+0800__CAM_BACK_RIGHT__1532402928677893.jpg
-0.33412990533769527 0.9420258084186364 0.0307340630609976 -1170.3830698831748 -0.9424923313700792 -0.33366011642349286 -0.019471312663849313 409.3047075203644 -0.00808774799403525 -0.0354725666040073 0.9993379235028103 3.0045555975505653 0.0 0.0 0.0 1.0
1266.417203046554 0.0 816.2670197447984 0.0 1266.417203046554 491.50706579294757 0.0 0.0 1.0
0.0020332717916884792 0.9997040585673612 0.02424172208749338 0.943713 -0.9999805297789749 0.002175657153334013 -0.005848639064917931 0.0 -0.0058996498863628614 -0.024229358222975846 0.9996890178106995 1.84023 0.0 0.0 0.0 1.0
-0.33420813941212774 0.9423188599937161 0.018441411302465384 408.101879146712 -0.9424594539890389 -0.3339501280823429 -0.01573180029333177 1172.1515777892457 -0.008665860451583723 -0.022637978132546397 0.9997061692360929 0.0 0.0 0.0 0.0 1.0
-0.3337473788503909 0.9424809265559821 0.018503788495052215 408.2105568055955 -0.942610607082295 -0.3334586209105852 -0.01704674621024798 1172.4467000474276 -0.009895985369817934 -0.023131174172241663 0.999683459028393 0.0 0.0 0.0 0.0 1.0
0.00568477868271558 -0.005636667733598166 0.999967955120658 1.70079118954 -0.9999835174398977 -0.0008371152724919173 0.005680148462035628 0.0159456324149 0.0008050713376760443 -0.9999837634756286 -0.005641333641939472 1.51095763913 0.0 0.0 0.0 1.0
/home/fusy/Documents/bin2pcd/v1.0-mini/samples/LIDAR_TOP/n015-2018-07-24-11-22-45+0800__LIDAR_TOP__1532402929197353.pcd.bin
/home/fusy/Documents/bin2pcd/v1.0-mini/lidarseg/v1.0-mini/c4f1a270736445e185379a80c29a5139_lidarseg.bin
/home/fusy/Documents/bin2pcd/v1.0-mini/samples/CAM_FRONT/n015-2018-07-24-11-22-45+0800__CAM_FRONT__1532402929162460.jpg
/home/fusy/Documents/bin2pcd/v1.0-mini/samples/CAM_FRONT_LEFT/n015-2018-07-24-11-22-45+0800__CAM_FRONT_LEFT__1532402929154844.jpg
/home/fusy/Documents/bin2pcd/v1.0-mini/samples/CAM_FRONT_RIGHT/n015-2018-07-24-11-22-45+0800__CAM_FRONT_RIGHT__1532402929170339.jpg
/home/fusy/Documents/bin2pcd/v1.0-mini/samples/CAM_BACK/n015-2018-07-24-11-22-45+0800__CAM_BACK__1532402929187525.jpg
/home/fusy/Documents/bin2pcd/v1.0-mini/samples/CAM_BACK_LEFT/n015-2018-07-24-11-22-45+0800__CAM_BACK_LEFT__1532402929197423.jpg
/home/fusy/Documents/bin2pcd/v1.0-mini/samples/CAM_BACK_RIGHT/n015-2018-07-24-11-22-45+0800__CAM_BACK_RIGHT__1532402929177893.jpg
-0.3231545359068236 0.9456378731302616 0.03660817974879161 -1166.4315635733535 -0.9462810997649188 -0.3224366766646228 -0.02422126687783711 407.9219434787621 -0.011100727477936828 -0.042468840850061154 0.999036121171958 2.9874236327235693 0.0 0.0 0.0 1.0
1266.417203046554 0.0 816.2670197447984 0.0 1266.417203046554 491.50706579294757 0.0 0.0 1.0
0.0020332717916884792 0.9997040585673612 0.02424172208749338 0.943713 -0.9999805297789749 0.002175657153334013 -0.005848639064917931 0.0 -0.0058996498863628614 -0.024229358222975846 0.9996890178106995 1.84023 0.0 0.0 0.0 1.0
-0.32327635630689605 0.9462089598992802 0.013453685712757957 406.7260055966978 -0.9461699617976416 -0.32295787589209096 -0.02146191489865106 1168.2112865775816 -0.015962482412987415 -0.019667602944682287 0.9996791407994987 0.0 0.0 0.0 0.0 1.0
-0.3234428663227042 0.9461553445193235 0.01322029736711364 406.82010326977235 -0.9461216447811768 -0.3231401700840671 -0.020838996007544373 1168.4824299658203 -0.015444918307183895 -0.019248234089437342 0.9996954336111193 0.0 0.0 0.0 0.0 1.0
0.00568477868271558 -0.005636667733598166 0.999967955120658 1.70079118954 -0.9999835174398977 -0.0008371152724919173 0.005680148462035628 0.0159456324149 0.0008050713376760443 -0.9999837634756286 -0.005641333641939472 1.51095763913 0.0 0.0 0.0 1.0
/home/fusy/Documents/bin2pcd/v1.0-mini/samples/LIDAR_TOP/n015-2018-07-24-11-22-45+0800__LIDAR_TOP__1532402929697797.pcd.bin
/home/fusy/Documents/bin2pcd/v1.0-mini/lidarseg/v1.0-mini/6a97481174074729a9d0ffa096eaa498_lidarseg.bin
/home/fusy/Documents/bin2pcd/v1.0-mini/samples/CAM_FRONT/n015-2018-07-24-11-22-45+0800__CAM_FRONT__1532402929662460.jpg
/home/fusy/Documents/bin2pcd/v1.0-mini/samples/CAM_FRONT_LEFT/n015-2018-07-24-11-22-45+0800__CAM_FRONT_LEFT__1532402929654844.jpg
/home/fusy/Documents/bin2pcd/v1.0-mini/samples/CAM_FRONT_RIGHT/n015-2018-07-24-11-22-45+0800__CAM_FRONT_RIGHT__1532402929670339.jpg
/home/fusy/Documents/bin2pcd/v1.0-mini/samples/CAM_BACK/n015-2018-07-24-11-22-45+0800__CAM_BACK__1532402929687525.jpg
/home/fusy/Documents/bin2pcd/v1.0-mini/samples/CAM_BACK_LEFT/n015-2018-07-24-11-22-45+0800__CAM_BACK_LEFT__1532402929697423.jpg
/home/fusy/Documents/bin2pcd/v1.0-mini/samples/CAM_BACK_RIGHT/n015-2018-07-24-11-22-45+0800__CAM_BACK_RIGHT__1532402929677893.jpg
-0.3187446849915765 0.9472714550004462 0.032842294849148926 -1162.5828412115363 -0.947760895923173 -0.31807711921478343 -0.024004799331137618 406.6016770357711 -0.012292678655380649 -0.03877804499149188 0.9991722340408151 2.9816471712791914 0.0 0.0 0.0 1.0
1266.417203046554 0.0 816.2670197447984 0.0 1266.417203046554 491.50706579294757 0.0 0.0 1.0
0.0020332717916884792 0.9997040585673612 0.02424172208749338 0.943713 -0.9999805297789749 0.002175657153334013 -0.005848639064917931 0.0 -0.0058996498863628614 -0.024229358222975846 0.9996890178106995 1.84023 0.0 0.0 0.0 1.0
-0.3188245216169768 0.9477166612567423 0.013566664736732952 405.40940618082874 -0.9477328028219361 -0.31857755173101704 -0.017631732426181275 1164.3542269452469 -0.012387851750128853 -0.018479001851945225 0.999752503182449 0.0 0.0 0.0 0.0 1.0
-0.3192652072282665 0.9475585205635761 0.014232974420603502 405.503498188272 -0.9475853982090428 -0.31900708343370576 -0.01778746244210564 1164.6313409255833 -0.012314241937718538 -0.019165876616690565 0.9997404806343553 0.0 0.0 0.0 0.0 1.0
0.00568477868271558 -0.005636667733598166 0.999967955120658 1.70079118954 -0.9999835174398977 -0.0008371152724919173 0.005680148462035628 0.0159456324149 0.0008050713376760443 -0.9999837634756286 -0.005641333641939472 1.51095763913 0.0 0.0 0.0 1.0
/home/fusy/Documents/bin2pcd/v1.0-mini/samples/LIDAR_TOP/n015-2018-07-24-11-22-45+0800__LIDAR_TOP__1532402930152601.pcd.bin
/home/fusy/Documents/bin2pcd/v1.0-mini/lidarseg/v1.0-mini/fca0353274424116948fa1f10be1fc29_lidarseg.bin
/home/fusy/Documents/bin2pcd/v1.0-mini/samples/CAM_FRONT/n015-2018-07-24-11-22-45+0800__CAM_FRONT__1532402930112460.jpg
/home/fusy/Documents/bin2pcd/v1.0-mini/samples/CAM_FRONT_LEFT/n015-2018-07-24-11-22-45+0800__CAM_FRONT_LEFT__1532402930104844.jpg
/home/fusy/Documents/bin2pcd/v1.0-mini/samples/CAM_FRONT_RIGHT/n015-2018-07-24-11-22-45+0800__CAM_FRONT_RIGHT__1532402930120339.jpg
/home/fusy/Documents/bin2pcd/v1.0-mini/samples/CAM_BACK/n015-2018-07-24-11-22-45+0800__CAM_BACK__1532402930137525.jpg
/home/fusy/Documents/bin2pcd/v1.0-mini/samples/CAM_BACK_LEFT/n015-2018-07-24-11-22-45+0800__CAM_BACK_LEFT__1532402930147423.jpg
/home/fusy/Documents/bin2pcd/v1.0-mini/samples/CAM_BACK_RIGHT/n015-2018-07-24-11-22-45+0800__CAM_BACK_RIGHT__1532402930127893.jpg
-0.3126282040523706 0.9491941005765914 0.035974511276556057 -1159.2735788376108 -0.9498141271872935 -0.3119529277628923 -0.023205487618246166 405.4700950894033 -0.010804157830681532 -0.041423788947383335 0.9990832497258743 2.970979294441787 0.0 0.0 0.0 1.0
1266.417203046554 0.0 816.2670197447984 0.0 1266.417203046554 491.50706579294757 0.0 0.0 1.0
0.0020332717916884792 0.9997040585673612 0.02424172208749338 0.943713 -0.9999805297789749 0.002175657153334013 -0.005848639064917931 0.0 -0.0058996498863628614 -0.024229358222975846 0.9996890178106995 1.84023 0.0 0.0 0.0 1.0
-0.3127487665707823 0.9497292161161963 0.014234643085484397 404.27766613575534 -0.9497143894431461 -0.3124339509255043 -0.020678607151194295 1161.0501064609266 -0.01519169158086622 -0.01998605424780968 0.9996848354068981 0.0 0.0 0.0 0.0 1.0
-0.313427485746037 0.9495124396592466 0.01376001857790944 404.3748127067429 -0.949489273101772 -0.31312094727437506 -0.020625048913094402 1161.3378286421344 -0.015275190459935546 -0.019529447261626313 0.9996925873717725 0.0 0.0 0.0 0.0 1.0
0.00568477868271558 -0.005636667733598166 0.999967955120658 1.70079118954 -0.9999835174398977 -0.0008371152724919173 0.005680148462035628 0.0159456324149 0.0008050713376760443 -0.9999837634756286 -0.005641333641939472 1.51095763913 0.0 0.0 0.0 1.0
/home/fusy/Documents/bin2pcd/v1.0-mini/samples/LIDAR_TOP/n015-2018-07-24-11-22-45+0800__LIDAR_TOP__1532402930648325.pcd.bin
/home/fusy/Documents/bin2pcd/v1.0-mini/lidarseg/v1.0-mini/bba3bbf8fb5b443d91ce478600ac3b49_lidarseg.bin
/home/fusy/Documents/bin2pcd/v1.0-mini/samples/CAM_FRONT/n015-2018-07-24-11-22-45+0800__CAM_FRONT__1532402930612460.jpg
/home/fusy/Documents/bin2pcd/v1.0-mini/samples/CAM_FRONT_LEFT/n015-2018-07-24-11-22-45+0800__CAM_FRONT_LEFT__1532402930604844.jpg
/home/fusy/Documents/bin2pcd/v1.0-mini/samples/CAM_FRONT_RIGHT/n015-2018-07-24-11-22-45+0800__CAM_FRONT_RIGHT__1532402930620339.jpg
/home/fusy/Documents/bin2pcd/v1.0-mini/samples/CAM_BACK/n015-2018-07-24-11-22-45+0800__CAM_BACK__1532402930637525.jpg
/home/fusy/Documents/bin2pcd/v1.0-mini/samples/CAM_BACK_LEFT/n015-2018-07-24-11-22-45+0800__CAM_BACK_LEFT__1532402930647423.jpg
/home/fusy/Documents/bin2pcd/v1.0-mini/samples/CAM_BACK_RIGHT/n015-2018-07-24-11-22-45+0800__CAM_BACK_RIGHT__1532402930627893.jpg
-0.30538185101472803 0.9516811502273527 0.032325119841419205 -1155.7485312512833 -0.9522021010909436 -0.3049371688994065 -0.01801337563054774 404.3158731698725 -0.007285859510780628 -0.03628100502409618 0.9993150678968223 2.9684700118359437 0.0 0.0 0.0 1.0
1266.417203046554 0.0 816.2670197447984 0.0 1266.417203046554 491.50706579294757 0.0 0.0 1.0
0.0020332717916884792 0.9997040585673612 0.02424172208749338 0.943713 -0.9999805297789749 0.002175657153334013 -0.005848639064917931 0.0 -0.0058996498863628614 -0.024229358222975846 0.9996890178106995 1.84023 0.0 0.0 0.0 1.0
-0.30548633695464067 0.9520016097091802 0.01926221807491722 403.1147868052399 -0.9521415438180602 -0.30518895268242574 -0.0169169647503799 1157.5179992427084 -0.010226361513130649 -0.023508259649196155 0.9996713376197545 0.0 0.0 0.0 0.0 1.0
-0.30593910142648306 0.9518740393308508 0.018359724026393215 403.1988498474467 -0.9519952541060855 -0.30565542958820435 -0.016727059596334172 1157.77593223579 -0.010310304449682388 -0.022595831722233527 0.9996915154241006 0.0 0.0 0.0 0.0 1.0
0.00568477868271558 -0.005636667733598166 0.999967955120658 1.70079118954 -0.9999835174398977 -0.0008371152724919173 0.005680148462035628 0.0159456324149 0.0008050713376760443 -0.9999837634756286 -0.005641333641939472 1.51095763913 0.0 0.0 0.0 1.0
/home/fusy/Documents/bin2pcd/v1.0-mini/samples/LIDAR_TOP/n015-2018-07-24-11-22-45+0800__LIDAR_TOP__1532402931198511.pcd.bin
/home/fusy/Documents/bin2pcd/v1.0-mini/lidarseg/v1.0-mini/6d62c08a571148b69ce69a8fca44b72f_lidarseg.bin
/home/fusy/Documents/bin2pcd/v1.0-mini/samples/CAM_FRONT/n015-2018-07-24-11-22-45+0800__CAM_FRONT__1532402931162460.jpg
/home/fusy/Documents/bin2pcd/v1.0-mini/samples/CAM_FRONT_LEFT/n015-2018-07-24-11-22-45+0800__CAM_FRONT_LEFT__1532402931154844.jpg
/home/fusy/Documents/bin2pcd/v1.0-mini/samples/CAM_FRONT_RIGHT/n015-2018-07-24-11-22-45+0800__CAM_FRONT_RIGHT__1532402931170339.jpg
/home/fusy/Documents/bin2pcd/v1.0-mini/samples/CAM_BACK/n015-2018-07-24-11-22-45+0800__CAM_BACK__1532402931187525.jpg
/home/fusy/Documents/bin2pcd/v1.0-mini/samples/CAM_BACK_LEFT/n015-2018-07-24-11-22-45+0800__CAM_BACK_LEFT__1532402931197423.jpg
/home/fusy/Documents/bin2pcd/v1.0-mini/samples/CAM_BACK_RIGHT/n015-2018-07-24-11-22-45+0800__CAM_BACK_RIGHT__1532402931177893.jpg
-0.30087435578938315 0.9529159945624873 0.03775883122276914 -1151.9450376901073 -0.9536560350875285 -0.3004763283369532 -0.015941858432374154 403.08311155396314 -0.0038456169151478183 -0.04080543365937132 0.9991597108642905 2.9563940402510527 0.0 0.0 0.0 1.0
1266.417203046554 0.0 816.2670197447984 0.0 1266.417203046554 491.50706579294757 0.0 0.0 1.0
0.0020332717916884792 0.9997040585673612 0.02424172208749338 0.943713 -0.9999805297789749 0.002175657153334013 -0.005848639064917931 0.0 -0.0058996498863628614 -0.024229358222975846 0.9996890178106995 1.84023 0.0 0.0 0.0 1.0
-0.3010876620985934 0.9533598392237119 0.021242332436475837 401.882035855894 -0.9534806431713048 -0.30062920976766166 -0.022287694634179546 1153.723115401486 -0.014862127359108898 -0.026964702664962127 0.9995258986042093 0.0 0.0 0.0 0.0 1.0
-0.3008086704938732 0.9534401102328885 0.021589348179254435 401.9623678165782 -0.9535707783821062 -0.30034611684302315 -0.022248162015322183 1153.9716822989446 -0.014728013153556891 -0.02727941158481533 0.9995193441510445 0.0 0.0 0.0 0.0 1.0
0.00568477868271558 -0.005636667733598166 0.999967955120658 1.70079118954 -0.9999835174398977 -0.0008371152724919173 0.005680148462035628 0.0159456324149 0.0008050713376760443 -0.9999837634756286 -0.005641333641939472 1.51095763913 0.0 0.0 0.0 1.0
/home/fusy/Documents/bin2pcd/v1.0-mini/samples/LIDAR_TOP/n015-2018-07-24-11-22-45+0800__LIDAR_TOP__1532402931697833.pcd.bin
/home/fusy/Documents/bin2pcd/v1.0-mini/lidarseg/v1.0-mini/07963799cc9d4a19bd0d9076e4a00da4_lidarseg.bin
/home/fusy/Documents/bin2pcd/v1.0-mini/samples/CAM_FRONT/n015-2018-07-24-11-22-45+0800__CAM_FRONT__1532402931662460.jpg
/home/fusy/Documents/bin2pcd/v1.0-mini/samples/CAM_FRONT_LEFT/n015-2018-07-24-11-22-45+0800__CAM_FRONT_LEFT__1532402931654844.jpg
/home/fusy/Documents/bin2pcd/v1.0-mini/samples/CAM_FRONT_RIGHT/n015-2018-07-24-11-22-45+0800__CAM_FRONT_RIGHT__1532402931670339.jpg
/home/fusy/Documents/bin2pcd/v1.0-mini/samples/CAM_BACK/n015-2018-07-24-11-22-45+0800__CAM_BACK__1532402931687525.jpg
/home/fusy/Documents/bin2pcd/v1.0-mini/samples/CAM_BACK_LEFT/n015-2018-07-24-11-22-45+0800__CAM_BACK_LEFT__1532402931697423.jpg
/home/fusy/Documents/bin2pcd/v1.0-mini/samples/CAM_BACK_RIGHT/n015-2018-07-24-11-22-45+0800__CAM_BACK_RIGHT__1532402931677893.jpg
-0.2916977917915881 0.9559892251752928 0.0315753006740231 -1148.6371049450179 -0.9564709172195165 -0.2912263025066025 -0.018724989762072267 402.0387137353031 -0.008705330388228773 -0.03566289496208146 0.9993259604081922 2.955553889719873 0.0 0.0 0.0 1.0
1266.417203046554 0.0 816.2670197447984 0.0 1266.417203046554 491.50706579294757 0.0 0.0 1.0
0.0020332717916884792 0.9997040585673612 0.02424172208749338 0.943713 -0.9999805297789749 0.002175657153334013 -0.005848639064917931 0.0 -0.0058996498863628614 -0.024229358222975846 0.9996890178106995 1.84023 0.0 0.0 0.0 1.0
-0.29178581476720106 0.956309707395936 0.018242309090145615 400.84139513617623 -0.9564317400858079 -0.2915181324143868 -0.015984524705532674 1150.4041654308548 -0.009968192267125819 -0.022111580991141425 0.9997058132915895 0.0 0.0 0.0 0.0 1.0
-0.29211969301005214 0.9562022466364015 0.018529664951429627 400.91225465937436 -0.9563213421184567 -0.2918286167260737 -0.016898197196781727 1150.6310608922158 -0.010750607632494304 -0.022656610232903697 0.9996855017695752 0.0 0.0 0.0 0.0 1.0
0.00568477868271558 -0.005636667733598166 0.999967955120658 1.70079118954 -0.9999835174398977 -0.0008371152724919173 0.005680148462035628 0.0159456324149 0.0008050713376760443 -0.9999837634756286 -0.005641333641939472 1.51095763913 0.0 0.0 0.0 1.0
/home/fusy/Documents/bin2pcd/v1.0-mini/samples/LIDAR_TOP/n015-2018-07-24-11-22-45+0800__LIDAR_TOP__1532402932197715.pcd.bin
/home/fusy/Documents/bin2pcd/v1.0-mini/lidarseg/v1.0-mini/6be2618c971046478919fe91a9880bd8_lidarseg.bin
/home/fusy/Documents/bin2pcd/v1.0-mini/samples/CAM_FRONT/n015-2018-07-24-11-22-45+0800__CAM_FRONT__1532402932162460.jpg
/home/fusy/Documents/bin2pcd/v1.0-mini/samples/CAM_FRONT_LEFT/n015-2018-07-24-11-22-45+0800__CAM_FRONT_LEFT__1532402932154844.jpg
/home/fusy/Documents/bin2pcd/v1.0-mini/samples/CAM_FRONT_RIGHT/n015-2018-07-24-11-22-45+0800__CAM_FRONT_RIGHT__1532402932170339.jpg
/home/fusy/Documents/bin2pcd/v1.0-mini/samples/CAM_BACK/n015-2018-07-24-11-22-45+0800__CAM_BACK__1532402932187525.jpg
/home/fusy/Documents/bin2pcd/v1.0-mini/samples/CAM_BACK_LEFT/n015-2018-07-24-11-22-45+0800__CAM_BACK_LEFT__1532402932197423.jpg
/home/fusy/Documents/bin2pcd/v1.0-mini/samples/CAM_BACK_RIGHT/n015-2018-07-24-11-22-45+0800__CAM_BACK_RIGHT__1532402932177893.jpg
-0.2837178262575207 0.9583888394058248 0.031544057539595424 -1145.4065367851574 -0.9588219477835689 -0.28309866432105696 -0.022707239113420076 401.03402620671073 -0.012832283983295195 -0.036687583212681195 0.9992443913907059 2.9492226877848386 0.0 0.0 0.0 1.0
1266.417203046554 0.0 816.2670197447984 0.0 1266.417203046554 491.50706579294757 0.0 0.0 1.0
0.0020332717916884792 0.9997040585673612 0.02424172208749338 0.943713 -0.9999805297789749 0.002175657153334013 -0.005848639064917931 0.0 -0.0058996498863628614 -0.024229358222975846 0.9996890178106995 1.84023 0.0 0.0 0.0 1.0
-0.28378444849624146 0.9587847438977761 0.01407841115175321 399.84353161665877 -0.9588225560235737 -0.2835628032450489 -0.01585694410118581 1147.1735328106026 -0.011211282357629308 -0.017998652301865568 0.9997751525534188 0.0 0.0 0.0 0.0 1.0
-0.2848815569302468 0.9584624364843685 0.013865654310086035 399.9114613983376 -0.9584956153897924 -0.28466064535055047 -0.01595218690811299 1147.4009352172345 -0.011342565827087286 -0.017834652703553566 0.9997766107303181 0.0 0.0 0.0 0.0 1.0
0.00568477868271558 -0.005636667733598166 0.999967955120658 1.70079118954 -0.9999835174398977 -0.0008371152724919173 0.005680148462035628 0.0159456324149 0.0008050713376760443 -0.9999837634756286 -0.005641333641939472 1.51095763913 0.0 0.0 0.0 1.0
/home/fusy/Documents/bin2pcd/v1.0-mini/samples/LIDAR_TOP/n015-2018-07-24-11-22-45+0800__LIDAR_TOP__1532402932647284.pcd.bin
/home/fusy/Documents/bin2pcd/v1.0-mini/lidarseg/v1.0-mini/68dbac351067433883a6303bab0d61ea_lidarseg.bin
/home/fusy/Documents/bin2pcd/v1.0-mini/samples/CAM_FRONT/n015-2018-07-24-11-22-45+0800__CAM_FRONT__1532402932612460.jpg
/home/fusy/Documents/bin2pcd/v1.0-mini/samples/CAM_FRONT_LEFT/n015-2018-07-24-11-22-45+0800__CAM_FRONT_LEFT__1532402932604844.jpg
/home/fusy/Documents/bin2pcd/v1.0-mini/samples/CAM_FRONT_RIGHT/n015-2018-07-24-11-22-45+0800__CAM_FRONT_RIGHT__1532402932620339.jpg
/home/fusy/Documents/bin2pcd/v1.0-mini/samples/CAM_BACK/n015-2018-07-24-11-22-45+0800__CAM_BACK__1532402932637525.jpg
/home/fusy/Documents/bin2pcd/v1.0-mini/samples/CAM_BACK_LEFT/n015-2018-07-24-11-22-45+0800__CAM_BACK_LEFT__1532402932647423.jpg
/home/fusy/Documents/bin2pcd/v1.0-mini/samples/CAM_BACK_RIGHT/n015-2018-07-24-11-22-45+0800__CAM_BACK_RIGHT__1532402932627893.jpg
-0.2737558428404342 0.9613150207853309 0.030515067150886914 -1142.6326538989379 -0.9616851319605542 -0.2730969074042698 -0.02407874856041803 400.2109993820322 -0.01481369220470217 -0.03593758448648597 0.9992442366831754 2.94617637190289 0.0 0.0 0.0 1.0
1266.417203046554 0.0 816.2670197447984 0.0 1266.417203046554 491.50706579294757 0.0 0.0 1.0
0.0020332717916884792 0.9997040585673612 0.02424172208749338 0.943713 -0.9999805297789749 0.002175657153334013 -0.005848639064917931 0.0 -0.0058996498863628614 -0.024229358222975846 0.9996890178106995 1.84023 0.0 0.0 0.0 1.0
-0.27380365183958916 0.961704639599675 0.012479840213932909 399.0198373002425 -0.9617258181168903 -0.27361889595161387 -0.014702059230565228 1144.398545717494 -0.01072431847271493 -0.016027662046603382 0.9998140342296744 0.0 0.0 0.0 0.0 1.0
-0.27486102861853057 0.9613955050672248 0.013042154089664838 399.0821159176494 -0.9614256201438515 -0.27466963002083006 -0.014743516379426246 1144.61525027191 -0.010592066737582503 -0.01659147916117094 0.9998062467005648 0.0 0.0 0.0 0.0 1.0
0.00568477868271558 -0.005636667733598166 0.999967955120658 1.70079118954 -0.9999835174398977 -0.0008371152724919173 0.005680148462035628 0.0159456324149 0.0008050713376760443 -0.9999837634756286 -0.005641333641939472 1.51095763913 0.0 0.0 0.0 1.0
/home/fusy/Documents/bin2pcd/v1.0-mini/samples/LIDAR_TOP/n015-2018-07-24-11-22-45+0800__LIDAR_TOP__1532402933146604.pcd.bin
/home/fusy/Documents/bin2pcd/v1.0-mini/lidarseg/v1.0-mini/b5baeed9277642debf7abf2bae8c8e90_lidarseg.bin
/home/fusy/Documents/bin2pcd/v1.0-mini/samples/CAM_FRONT/n015-2018-07-24-11-22-45+0800__CAM_FRONT__1532402933112460.jpg
/home/fusy/Documents/bin2pcd/v1.0-mini/samples/CAM_FRONT_LEFT/n015-2018-07-24-11-22-45+0800__CAM_FRONT_LEFT__1532402933104844.jpg
/home/fusy/Documents/bin2pcd/v1.0-mini/samples/CAM_FRONT_RIGHT/n015-2018-07-24-11-22-45+0800__CAM_FRONT_RIGHT__1532402933120339.jpg
/home/fusy/Documents/bin2pcd/v1.0-mini/samples/CAM_BACK/n015-2018-07-24-11-22-45+0800__CAM_BACK__1532402933137525.jpg
/home/fusy/Documents/bin2pcd/v1.0-mini/samples/CAM_BACK_LEFT/n015-2018-07-24-11-22-45+0800__CAM_BACK_LEFT__1532402933147423.jpg
/home/fusy/Documents/bin2pcd/v1.0-mini/samples/CAM_BACK_RIGHT/n015-2018-07-24-11-22-45+0800__CAM_BACK_RIGHT__1532402933127893.jpg
-0.25156231973102056 0.9670936302585301 0.03803037739658052 -1139.5874038743275 -0.967775508107677 -0.25089352747466487 -0.021517522586197522 399.37673767882904 -0.011267883495834822 -0.04221786570515089 0.9990448871881719 2.9371672294401145 0.0 0.0 0.0 1.0
1266.417203046554 0.0 816.2670197447984 0.0 1266.417203046554 491.50706579294757 0.0 0.0 1.0
0.0020332717916884792 0.9997040585673612 0.02424172208749338 0.943713 -0.9999805297789749 0.002175657153334013 -0.005848639064917931 0.0 -0.0058996498863628614 -0.024229358222975846 0.9996890178106995 1.84023 0.0 0.0 0.0 1.0
-0.25170365530192373 0.9676949660010149 0.01455069358985989 398.16712901294835 -0.9676448029705361 -0.2513607219384624 -0.021939069047898867 1141.370496193884 -0.017572853830947862 -0.01960204690512204 0.9996534172228726 0.0 0.0 0.0 0.0 1.0
-0.2534443856993781 0.9672553723272943 0.013527307989833214 398.2230949702979 -0.9671950801213389 -0.2531288055008615 -0.021435596907563588 1141.5767315595801 -0.01730954495477448 -0.018516277425389714 0.9996787119488763 0.0 0.0 0.0 0.0 1.0
0.00568477868271558 -0.005636667733598166 0.999967955120658 1.70079118954 -0.9999835174398977 -0.0008371152724919173 0.005680148462035628 0.0159456324149 0.0008050713376760443 -0.9999837634756286 -0.005641333641939472 1.51095763913 0.0 0.0 0.0 1.0
/home/fusy/Documents/bin2pcd/v1.0-mini/samples/LIDAR_TOP/n015-2018-07-24-11-22-45+0800__LIDAR_TOP__1532402933646462.pcd.bin
/home/fusy/Documents/bin2pcd/v1.0-mini/lidarseg/v1.0-mini/ec1f1d29781744cbbd9e2affac55c70e_lidarseg.bin
/home/fusy/Documents/bin2pcd/v1.0-mini/samples/CAM_FRONT/n015-2018-07-24-11-22-45+0800__CAM_FRONT__1532402933612460.jpg
/home/fusy/Documents/bin2pcd/v1.0-mini/samples/CAM_FRONT_LEFT/n015-2018-07-24-11-22-45+0800__CAM_FRONT_LEFT__1532402933604844.jpg
/home/fusy/Documents/bin2pcd/v1.0-mini/samples/CAM_FRONT_RIGHT/n015-2018-07-24-11-22-45+0800__CAM_FRONT_RIGHT__1532402933620339.jpg
/home/fusy/Documents/bin2pcd/v1.0-mini/samples/CAM_BACK/n015-2018-07-24-11-22-45+0800__CAM_BACK__1532402933637525.jpg
/home/fusy/Documents/bin2pcd/v1.0-mini/samples/CAM_BACK_LEFT/n015-2018-07-24-11-22-45+0800__CAM_BACK_LEFT__1532402933647431.jpg
/home/fusy/Documents/bin2pcd/v1.0-mini/samples/CAM_BACK_RIGHT/n015-2018-07-24-11-22-45+0800__CAM_BACK_RIGHT__1532402933627893.jpg
-0.21498029876753552 0.9759575797650463 0.03592037918750453 -1136.6852084503876 -0.9766178881653288 -0.21479760457961633 -0.008915693038163043 398.70718142532803 -0.0009857267943861915 -0.03699718321726245 0.9993148836961622 2.9417910516937305 0.0 0.0 0.0 1.0
1266.417203046554 0.0 816.2670197447984 0.0 1266.417203046554 491.50706579294757 0.0 0.0 1.0
0.0020332717916884792 0.9997040585673612 0.02424172208749338 0.943713 -0.9999805297789749 0.002175657153334013 -0.005848639064917931 0.0 -0.0058996498863628614 -0.024229358222975846 0.9996890178106995 1.84023 0.0 0.0 0.0 1.0
-0.2151964167281914 0.976216053786365 0.02631954705390288 397.4476741975414 -0.976480738252325 -0.2147324240229846 -0.019374052116342032 1138.4704918742955 -0.01326160056479523 -0.02986975733060394 0.9994658211001863 0.0 0.0 0.0 0.0 1.0
-0.21799766017693467 0.9756148072989598 0.025549323599589502 397.49126195029805 -0.9758450252414649 -0.21751700318980505 -0.02031846536557978 1138.661434073826 -0.014265583369341424 -0.029361558241026233 0.9994670539986761 0.0 0.0 0.0 0.0 1.0
0.00568477868271558 -0.005636667733598166 0.999967955120658 1.70079118954 -0.9999835174398977 -0.0008371152724919173 0.005680148462035628 0.0159456324149 0.0008050713376760443 -0.9999837634756286 -0.005641333641939472 1.51095763913 0.0 0.0 0.0 1.0
/home/fusy/Documents/bin2pcd/v1.0-mini/samples/LIDAR_TOP/n015-2018-07-24-11-22-45+0800__LIDAR_TOP__1532402934146351.pcd.bin
/home/fusy/Documents/bin2pcd/v1.0-mini/lidarseg/v1.0-mini/620c4688ff1043d2aa4ea1d0c0735707_lidarseg.bin
/home/fusy/Documents/bin2pcd/v1.0-mini/samples/CAM_FRONT/n015-2018-07-24-11-22-45+0800__CAM_FRONT__1532402934112460.jpg
/home/fusy/Documents/bin2pcd/v1.0-mini/samples/CAM_FRONT_LEFT/n015-2018-07-24-11-22-45+0800__CAM_FRONT_LEFT__1532402934104844.jpg
/home/fusy/Documents/bin2pcd/v1.0-mini/samples/CAM_FRONT_RIGHT/n015-2018-07-24-11-22-45+0800__CAM_FRONT_RIGHT__1532402934120339.jpg
/home/fusy/Documents/bin2pcd/v1.0-mini/samples/CAM_BACK/n015-2018-07-24-11-22-45+0800__CAM_BACK__1532402934137525.jpg
/home/fusy/Documents/bin2pcd/v1.0-mini/samples/CAM_BACK_LEFT/n015-2018-07-24-11-22-45+0800__CAM_BACK_LEFT__1532402934147423.jpg
/home/fusy/Documents/bin2pcd/v1.0-mini/samples/CAM_BACK_RIGHT/n015-2018-07-24-11-22-45+0800__CAM_BACK_RIGHT__1532402934127893.jpg
-0.16898630132579257 0.9845949151583444 0.04490526704700663 -1133.8482586419798 -0.9855412811242983 -0.16936754273725954 0.004797777300056868 398.20351151110964 0.012329361869410048 -0.04344523577421416 0.9989797286854313 2.9380339775136264 0.0 0.0 0.0 1.0
1266.417203046554 0.0 816.2670197447984 0.0 1266.417203046554 491.50706579294757 0.0 0.0 1.0
0.0020332717916884792 0.9997040585673612 0.02424172208749338 0.943713 -0.9999805297789749 0.002175657153334013 -0.005848639064917931 0.0 -0.0058996498863628614 -0.024229358222975846 0.9996890178106995 1.84023 0.0 0.0 0.0 1.0
-0.16961665517056368 0.9847386097686992 0.038987956083406244 396.8835035523236 -0.9852895856357877 -0.16860906213669075 -0.027846303220446764 1135.6564273770866 -0.02084760721065077 -0.04313762390532306 0.9988516019296336 0.0 0.0 0.0 0.0 1.0
-0.1723699705537385 0.9842933811412935 0.038146206793631204 396.9171779170766 -0.9848044070420909 -0.17136788861807806 -0.028166054410523517 1135.8397914265825 -0.021186626012130685 -0.04242153453166391 0.9988751374852614 0.0 0.0 0.0 0.0 1.0
0.00568477868271558 -0.005636667733598166 0.999967955120658 1.70079118954 -0.9999835174398977 -0.0008371152724919173 0.005680148462035628 0.0159456324149 0.0008050713376760443 -0.9999837634756286 -0.005641333641939472 1.51095763913 0.0 0.0 0.0 1.0
/home/fusy/Documents/bin2pcd/v1.0-mini/samples/LIDAR_TOP/n015-2018-07-24-11-22-45+0800__LIDAR_TOP__1532402934696555.pcd.bin
/home/fusy/Documents/bin2pcd/v1.0-mini/lidarseg/v1.0-mini/9d4adec20d8a4ba08f2ea4becb6f64b2_lidarseg.bin
/home/fusy/Documents/bin2pcd/v1.0-mini/samples/CAM_FRONT/n015-2018-07-24-11-22-45+0800__CAM_FRONT__1532402934662484.jpg
/home/fusy/Documents/bin2pcd/v1.0-mini/samples/CAM_FRONT_LEFT/n015-2018-07-24-11-22-45+0800__CAM_FRONT_LEFT__1532402934654844.jpg
/home/fusy/Documents/bin2pcd/v1.0-mini/samples/CAM_FRONT_RIGHT/n015-2018-07-24-11-22-45+0800__CAM_FRONT_RIGHT__1532402934670339.jpg
/home/fusy/Documents/bin2pcd/v1.0-mini/samples/CAM_BACK/n015-2018-07-24-11-22-45+0800__CAM_BACK__1532402934687525.jpg
/home/fusy/Documents/bin2pcd/v1.0-mini/samples/CAM_BACK_LEFT/n015-2018-07-24-11-22-45+0800__CAM_BACK_LEFT__1532402934697423.jpg
/home/fusy/Documents/bin2pcd/v1.0-mini/samples/CAM_BACK_RIGHT/n015-2018-07-24-11-22-45+0800__CAM_BACK_RIGHT__1532402934677893.jpg
-0.09762535039379844 0.994920356883618 0.024551464703037776 -1130.849180163125 -0.9951640613168808 -0.0978588513658984 0.008493307520622162 397.82914680800576 0.010852742684729376 -0.023603573202450084 0.9996624876968714 2.964224991738976 0.0 0.0 0.0 1.0
1266.417203046554 0.0 816.2670197447984 0.0 1266.417203046554 491.50706579294757 0.0 0.0 1.0
0.0020332717916884792 0.9997040585673612 0.02424172208749338 0.943713 -0.9999805297789749 0.002175657153334013 -0.005848639064917931 0.0 -0.0058996498863628614 -0.024229358222975846 0.9996890178106995 1.84023 0.0 0.0 0.0 1.0
-0.0975788205697008 0.9943842189207284 0.0409682674473882 396.4443552268204 -0.9952238693547737 -0.09738003215772593 -0.006824895858145885 1132.6271305081405 -0.0027970775356447285 -0.04143856293809977 0.9991371386646013 0.0 0.0 0.0 0.0 1.0
-0.10275468487809516 0.9938782957964418 0.04058827269499833 396.4642095394243 -0.9947039657520891 -0.10257265931345631 -0.0065475246034114795 1132.8075461329563 -0.002344195527258154 -0.0410461046400972 0.9991545035885111 0.0 0.0 0.0 0.0 1.0
0.00568477868271558 -0.005636667733598166 0.999967955120658 1.70079118954 -0.9999835174398977 -0.0008371152724919173 0.005680148462035628 0.0159456324149 0.0008050713376760443 -0.9999837634756286 -0.005641333641939472 1.51095763913 0.0 0.0 0.0 1.0
/home/fusy/Documents/bin2pcd/v1.0-mini/samples/LIDAR_TOP/n015-2018-07-24-11-22-45+0800__LIDAR_TOP__1532402935197541.pcd.bin
/home/fusy/Documents/bin2pcd/v1.0-mini/lidarseg/v1.0-mini/f582c6d34c8b403c8f3b66a8bb896892_lidarseg.bin
/home/fusy/Documents/bin2pcd/v1.0-mini/samples/CAM_FRONT/n015-2018-07-24-11-22-45+0800__CAM_FRONT__1532402935162463.jpg
/home/fusy/Documents/bin2pcd/v1.0-mini/samples/CAM_FRONT_LEFT/n015-2018-07-24-11-22-45+0800__CAM_FRONT_LEFT__1532402935154844.jpg
/home/fusy/Documents/bin2pcd/v1.0-mini/samples/CAM_FRONT_RIGHT/n015-2018-07-24-11-22-45+0800__CAM_FRONT_RIGHT__1532402935170339.jpg
/home/fusy/Documents/bin2pcd/v1.0-mini/samples/CAM_BACK/n015-2018-07-24-11-22-45+0800__CAM_BACK__1532402935187525.jpg
/home/fusy/Documents/bin2pcd/v1.0-mini/samples/CAM_BACK_LEFT/n015-2018-07-24-11-22-45+0800__CAM_BACK_LEFT__1532402935197423.jpg
/home/fusy/Documents/bin2pcd/v1.0-mini/samples/CAM_BACK_RIGHT/n015-2018-07-24-11-22-45+0800__CAM_BACK_RIGHT__1532402935177893.jpg
-0.008610438776583337 0.9997017054230357 0.022855207685498174 -1128.2767002514906 -0.9999431172132366 -0.008751895200258875 0.006096447184793317 397.7420089424174 0.006294655030102989 -0.022801414532353657 0.999720197261901 2.976327660162174 0.0 0.0 0.0 1.0
1266.417203046554 0.0 816.2670197447984 0.0 1266.417203046554 491.50706579294757 0.0 0.0 1.0
0.0020332717916884792 0.9997040585673612 0.02424172208749338 0.943713 -0.9999805297789749 0.002175657153334013 -0.005848639064917931 0.0 -0.0058996498863628614 -0.024229358222975846 0.9996890178106995 1.84023 0.0 0.0 0.0 1.0
-0.008563146052410368 0.9992991717165429 0.03643951064867383 396.28709579417813 -0.999954561291025 -0.008404726414651233 -0.0044984360801197665 1130.0546235114005 -0.0041890193311976305 -0.0364763756495158 0.9993257357521204 0.0 0.0 0.0 0.0 1.0
-0.01563299503990677 0.9992169768004422 0.03634615165140788 396.289693205673 -0.9998700335306905 -0.015479294198043118 -0.004506384189840933 1130.2346136078652 -0.0039402428120953355 -0.036411876152092446 0.9993290998273124 0.0 0.0 0.0 0.0 1.0
0.00568477868271558 -0.005636667733598166 0.999967955120658 1.70079118954 -0.9999835174398977 -0.0008371152724919173 0.005680148462035628 0.0159456324149 0.0008050713376760443 -0.9999837634756286 -0.005641333641939472 1.51095763913 0.0 0.0 0.0 1.0
/home/fusy/Documents/bin2pcd/v1.0-mini/samples/LIDAR_TOP/n015-2018-07-24-11-22-45+0800__LIDAR_TOP__1532402935697945.pcd.bin
/home/fusy/Documents/bin2pcd/v1.0-mini/lidarseg/v1.0-mini/8ca363317e054bcda00792ebeb46d046_lidarseg.bin
/home/fusy/Documents/bin2pcd/v1.0-mini/samples/CAM_FRONT/n015-2018-07-24-11-22-45+0800__CAM_FRONT__1532402935662460.jpg
/home/fusy/Documents/bin2pcd/v1.0-mini/samples/CAM_FRONT_LEFT/n015-2018-07-24-11-22-45+0800__CAM_FRONT_LEFT__1532402935654844.jpg
/home/fusy/Documents/bin2pcd/v1.0-mini/samples/CAM_FRONT_RIGHT/n015-2018-07-24-11-22-45+0800__CAM_FRONT_RIGHT__1532402935670339.jpg
/home/fusy/Documents/bin2pcd/v1.0-mini/samples/CAM_BACK/n015-2018-07-24-11-22-45+0800__CAM_BACK__1532402935687525.jpg
/home/fusy/Documents/bin2pcd/v1.0-mini/samples/CAM_BACK_LEFT/n015-2018-07-24-11-22-45+0800__CAM_BACK_LEFT__1532402935697423.jpg
/home/fusy/Documents/bin2pcd/v1.0-mini/samples/CAM_BACK_RIGHT/n015-2018-07-24-11-22-45+0800__CAM_BACK_RIGHT__1532402935677893.jpg
0.08614661832509593 0.9961531681963423 0.01605072096632613 -1125.8149505017982 -0.9962480220925761 0.08599848763499404 0.009702504889000887 397.9134788028962 0.008284843256063403 -0.016826337001332407 0.9998241024076875 2.998430421238246 0.0 0.0 0.0 1.0
1266.417203046554 0.0 816.2670197447984 0.0 1266.417203046554 491.50706579294757 0.0 0.0 1.0
0.0020332717916884792 0.9997040585673612 0.02424172208749338 0.943713 -0.9999805297789749 0.002175657153334013 -0.005848639064917931 0.0 -0.0058996498863628614 -0.024229358222975846 0.9996890178106995 1.84023 0.0 0.0 0.0 1.0
0.08636387184658338 0.9955496989775117 0.037710456181951 396.3721334319953 -0.9962635413812 0.08632049557895545 0.002779956401076533 1127.5762883014086 -0.0004876005078721518 -0.03780964042129276 0.9992848409422388 0.0 0.0 0.0 0.0 1.0
0.07937608012353489 0.9960598450721443 0.03955025839458152 396.358314030479 -0.996844615698705 0.07933347374247875 0.0026480363390168106 1127.7473236846288 -0.0005000567202682882 -0.03963565287474693 0.9992140736421147 0.0 0.0 0.0 0.0 1.0
0.00568477868271558 -0.005636667733598166 0.999967955120658 1.70079118954 -0.9999835174398977 -0.0008371152724919173 0.005680148462035628 0.0159456324149 0.0008050713376760443 -0.9999837634756286 -0.005641333641939472 1.51095763913 0.0 0.0 0.0 1.0
/home/fusy/Documents/bin2pcd/v1.0-mini/samples/LIDAR_TOP/n015-2018-07-24-11-22-45+0800__LIDAR_TOP__1532402936198962.pcd.bin
/home/fusy/Documents/bin2pcd/v1.0-mini/lidarseg/v1.0-mini/a2491d8dad5548be842fac104d69d52a_lidarseg.bin
/home/fusy/Documents/bin2pcd/v1.0-mini/samples/CAM_FRONT/n015-2018-07-24-11-22-45+0800__CAM_FRONT__1532402936162460.jpg
/home/fusy/Documents/bin2pcd/v1.0-mini/samples/CAM_FRONT_LEFT/n015-2018-07-24-11-22-45+0800__CAM_FRONT_LEFT__1532402936154844.jpg
/home/fusy/Documents/bin2pcd/v1.0-mini/samples/CAM_FRONT_RIGHT/n015-2018-07-24-11-22-45+0800__CAM_FRONT_RIGHT__1532402936170339.jpg
/home/fusy/Documents/bin2pcd/v1.0-mini/samples/CAM_BACK/n015-2018-07-24-11-22-45+0800__CAM_BACK__1532402936187525.jpg
/home/fusy/Documents/bin2pcd/v1.0-mini/samples/CAM_BACK_LEFT/n015-2018-07-24-11-22-45+0800__CAM_BACK_LEFT__1532402936197423.jpg
/home/fusy/Documents/bin2pcd/v1.0-mini/samples/CAM_BACK_RIGHT/n015-2018-07-24-11-22-45+0800__CAM_BACK_RIGHT__1532402936177893.jpg
